# x	y	u	v	flags	mask
8.0000e+00	2.4800e+02	4.7624e+00	-1.3893e-01	0.0000e+00	0.0000e+00
1.6000e+01	2.4800e+02	4.5887e+00	-6.1424e-02	0.0000e+00	0.0000e+00
2.4000e+01	2.4800e+02	5.4181e+00	-8.1943e-02	1.0000e+00	0.0000e+00
3.2000e+01	2.4800e+02	5.4346e+00	-7.6605e-02	1.0000e+00	0.0000e+00
4.0000e+01	2.4800e+02	5.3971e+00	-7.1174e-02	1.0000e+00	0.0000e+00
4.8000e+01	2.4800e+02	5.2845e+00	-6.2471e-02	1.0000e+00	0.0000e+00
5.6000e+01	2.4800e+02	4.2410e+00	5.1730e-03	0.0000e+00	0.0000e+00
6.4000e+01	2.4800e+02	4.1384e+00	4.6978e-02	0.0000e+00	0.0000e+00
7.2000e+01	2.4800e+02	4.3129e+00	-5.2166e-02	0.0000e+00	0.0000e+00
8.0000e+01	2.4800e+02	4.3037e+00	-1.3063e-01	0.0000e+00	0.0000e+00
8.8000e+01	2.4800e+02	5.0615e+00	-8.7702e-02	1.0000e+00	0.0000e+00
9.6000e+01	2.4800e+02	4.2321e+00	1.5035e-02	0.0000e+00	0.0000e+00
1.0400e+02	2.4800e+02	4.3930e+00	-5.6868e-02	0.0000e+00	0.0000e+00
1.1200e+02	2.4800e+02	4.3606e+00	-8.1883e-02	0.0000e+00	0.0000e+00
1.2000e+02	2.4800e+02	5.0549e+00	-1.1325e-01	1.0000e+00	0.0000e+00
1.2800e+02	2.4800e+02	4.1745e+00	-1.3891e-01	0.0000e+00	0.0000e+00
1.3600e+02	2.4800e+02	4.2816e+00	-2.2406e-01	0.0000e+00	0.0000e+00
1.4400e+02	2.4800e+02	4.2311e+00	-1.7178e-01	0.0000e+00	0.0000e+00
1.5200e+02	2.4800e+02	4.2360e+00	-9.0829e-02	0.0000e+00	0.0000e+00
1.6000e+02	2.4800e+02	4.2381e+00	-8.1971e-02	0.0000e+00	0.0000e+00
1.6800e+02	2.4800e+02	4.0671e+00	-2.2168e-01	0.0000e+00	0.0000e+00
1.7600e+02	2.4800e+02	3.5530e+00	-2.7539e-01	0.0000e+00	0.0000e+00
1.8400e+02	2.4800e+02	3.4138e+00	-8.9045e-03	0.0000e+00	0.0000e+00
1.9200e+02	2.4800e+02	3.8109e+00	-4.3207e-02	0.0000e+00	0.0000e+00
2.0000e+02	2.4800e+02	3.8093e+00	-8.0937e-02	0.0000e+00	0.0000e+00
2.0800e+02	2.4800e+02	4.7292e+00	-1.3843e-01	1.0000e+00	0.0000e+00
2.1600e+02	2.4800e+02	3.6133e+00	-8.7702e-02	0.0000e+00	0.0000e+00
2.2400e+02	2.4800e+02	3.9208e+00	-7.8006e-02	0.0000e+00	0.0000e+00
2.3200e+02	2.4800e+02	4.6635e+00	-1.4906e-01	1.0000e+00	0.0000e+00
2.4000e+02	2.4800e+02	4.6622e+00	-1.5375e-01	1.0000e+00	0.0000e+00
2.4800e+02	2.4800e+02	3.6196e+00	7.1360e-03	0.0000e+00	0.0000e+00
8.0000e+00	2.4000e+02	5.2493e+00	-5.1601e-02	0.0000e+00	0.0000e+00
1.6000e+01	2.4000e+02	5.2354e+00	-6.9995e-02	0.0000e+00	0.0000e+00
2.4000e+01	2.4000e+02	5.2496e+00	-8.4010e-02	0.0000e+00	0.0000e+00
3.2000e+01	2.4000e+02	5.2827e+00	-8.1851e-02	0.0000e+00	0.0000e+00
4.0000e+01	2.4000e+02	5.6044e+00	-7.4968e-02	1.0000e+00	0.0000e+00
4.8000e+01	2.4000e+02	5.2840e+00	-5.5172e-02	0.0000e+00	0.0000e+00
5.6000e+01	2.4000e+02	5.1198e+00	-7.1074e-02	0.0000e+00	0.0000e+00
6.4000e+01	2.4000e+02	4.9721e+00	-9.8859e-02	0.0000e+00	0.0000e+00
7.2000e+01	2.4000e+02	5.3184e+00	-8.3533e-02	1.0000e+00	0.0000e+00
8.0000e+01	2.4000e+02	5.0449e+00	-6.1733e-02	0.0000e+00	0.0000e+00
8.8000e+01	2.4000e+02	5.0487e+00	-8.1196e-02	0.0000e+00	0.0000e+00
9.6000e+01	2.4000e+02	5.0205e+00	-1.1050e-01	0.0000e+00	0.0000e+00
1.0400e+02	2.4000e+02	4.9347e+00	-1.1079e-01	0.0000e+00	0.0000e+00
1.1200e+02	2.4000e+02	4.8844e+00	-9.5516e-02	0.0000e+00	0.0000e+00
1.2000e+02	2.4000e+02	4.9498e+00	-3.9724e-02	0.0000e+00	0.0000e+00
1.2800e+02	2.4000e+02	5.0481e+00	-5.4192e-02	0.0000e+00	0.0000e+00
1.3600e+02	2.4000e+02	5.2993e+00	-1.3134e-01	1.0000e+00	0.0000e+00
1.4400e+02	2.4000e+02	4.9315e+00	-1.3347e-01	0.0000e+00	0.0000e+00
1.5200e+02	2.4000e+02	5.0041e+00	-1.1544e-01	0.0000e+00	0.0000e+00
1.6000e+02	2.4000e+02	4.8462e+00	-1.0585e-01	0.0000e+00	0.0000e+00
1.6800e+02	2.4000e+02	4.8776e+00	-1.1161e-01	0.0000e+00	0.0000e+00
1.7600e+02	2.4000e+02	4.7939e+00	-1.3978e-01	0.0000e+00	0.0000e+00
1.8400e+02	2.4000e+02	4.8583e+00	-1.8511e-01	0.0000e+00	0.0000e+00
1.9200e+02	2.4000e+02	4.7210e+00	-2.1149e-01	0.0000e+00	0.0000e+00
2.0000e+02	2.4000e+02	5.0113e+00	-1.4130e-01	1.0000e+00	0.0000e+00
2.0800e+02	2.4000e+02	4.8014e+00	-1.5815e-01	0.0000e+00	0.0000e+00
2.1600e+02	2.4000e+02	5.0396e+00	-1.5364e-01	1.0000e+00	0.0000e+00
2.2400e+02	2.4000e+02	4.6447e+00	-1.5945e-01	0.0000e+00	0.0000e+00
2.3200e+02	2.4000e+02	4.6173e+00	-1.8649e-01	0.0000e+00	0.0000e+00
2.4000e+02	2.4000e+02	4.4439e+00	-2.0326e-01	0.0000e+00	0.0000e+00
2.4800e+02	2.4000e+02	4.4361e+00	-1.5733e-01	0.0000e+00	0.0000e+00
8.0000e+00	2.3200e+02	5.9031e+00	-7.0742e-02	0.0000e+00	0.0000e+00
1.6000e+01	2.3200e+02	5.8224e+00	-9.6204e-02	0.0000e+00	0.0000e+00
2.4000e+01	2.3200e+02	5.8971e+00	-1.0756e-01	0.0000e+00	0.0000e+00
3.2000e+01	2.3200e+02	5.8377e+00	-8.2830e-02	1.0000e+00	0.0000e+00
4.0000e+01	2.3200e+02	5.8170e+00	-8.0939e-02	1.0000e+00	0.0000e+00
4.8000e+01	2.3200e+02	5.7472e+00	-7.0539e-02	0.0000e+00	0.0000e+00
5.6000e+01	2.3200e+02	5.7234e+00	-8.0261e-02	0.0000e+00	0.0000e+00
6.4000e+01	2.3200e+02	5.6798e+00	-9.3847e-02	0.0000e+00	0.0000e+00
7.2000e+01	2.3200e+02	5.6668e+00	-1.1122e-01	0.0000e+00	0.0000e+00
8.0000e+01	2.3200e+02	5.5738e+00	-9.9808e-02	1.0000e+00	0.0000e+00
8.8000e+01	2.3200e+02	5.7892e+00	-1.1846e-01	0.0000e+00	0.0000e+00
9.6000e+01	2.3200e+02	5.7937e+00	-1.1544e-01	0.0000e+00	0.0000e+00
1.0400e+02	2.3200e+02	5.7105e+00	-1.2030e-01	0.0000e+00	0.0000e+00
1.1200e+02	2.3200e+02	5.7671e+00	-1.2441e-01	0.0000e+00	0.0000e+00
1.2000e+02	2.3200e+02	5.7443e+00	-1.3369e-01	0.0000e+00	0.0000e+00
1.2800e+02	2.3200e+02	5.6236e+00	-1.4475e-01	0.0000e+00	0.0000e+00
1.3600e+02	2.3200e+02	5.6070e+00	-1.2993e-01	0.0000e+00	0.0000e+00
1.4400e+02	2.3200e+02	5.5738e+00	-1.2393e-01	0.0000e+00	0.0000e+00
1.5200e+02	2.3200e+02	5.4581e+00	-1.4352e-01	1.0000e+00	0.0000e+00
1.6000e+02	2.3200e+02	5.4773e+00	-1.3314e-01	0.0000e+00	0.0000e+00
1.6800e+02	2.3200e+02	5.5442e+00	-1.2786e-01	0.0000e+00	0.0000e+00
1.7600e+02	2.3200e+02	5.2962e+00	-1.5446e-01	1.0000e+00	0.0000e+00
1.8400e+02	2.3200e+02	5.2702e+00	-1.6031e-01	1.0000e+00	0.0000e+00
1.9200e+02	2.3200e+02	5.4313e+00	-1.5638e-01	0.0000e+00	0.0000e+00
2.0000e+02	2.3200e+02	5.4024e+00	-1.7003e-01	0.0000e+00	0.0000e+00
2.0800e+02	2.3200e+02	5.3337e+00	-1.7513e-01	0.0000e+00	0.0000e+00
2.1600e+02	2.3200e+02	5.3207e+00	-1.4852e-01	0.0000e+00	0.0000e+00
2.2400e+02	2.3200e+02	5.3046e+00	-1.7417e-01	1.0000e+00	0.0000e+00
2.3200e+02	2.3200e+02	5.2251e+00	-1.8349e-01	0.0000e+00	0.0000e+00
2.4000e+02	2.3200e+02	5.2275e+00	-1.9433e-01	0.0000e+00	0.0000e+00
2.4800e+02	2.3200e+02	5.2261e+00	-2.1256e-01	0.0000e+00	0.0000e+00
8.0000e+00	2.2400e+02	6.5051e+00	-3.1284e-02	0.0000e+00	0.0000e+00
1.6000e+01	2.2400e+02	6.3373e+00	-8.2450e-02	0.0000e+00	0.0000e+00
2.4000e+01	2.2400e+02	6.1917e+00	-8.7582e-02	1.0000e+00	0.0000e+00
3.2000e+01	2.2400e+02	6.1726e+00	-8.9285e-02	1.0000e+00	0.0000e+00
4.0000e+01	2.2400e+02	6.3151e+00	-9.2254e-02	0.0000e+00	0.0000e+00
4.8000e+01	2.2400e+02	6.2981e+00	-6.0865e-02	0.0000e+00	0.0000e+00
5.6000e+01	2.2400e+02	6.1304e+00	-9.8574e-02	1.0000e+00	0.0000e+00
6.4000e+01	2.2400e+02	6.0760e+00	-1.0246e-01	1.0000e+00	0.0000e+00
7.2000e+01	2.2400e+02	6.2614e+00	-1.1548e-01	0.0000e+00	0.0000e+00
8.0000e+01	2.2400e+02	6.0473e+00	-1.2064e-01	1.0000e+00	0.0000e+00
8.8000e+01	2.2400e+02	6.0523e+00	-1.2244e-01	1.0000e+00	0.0000e+00
9.6000e+01	2.2400e+02	6.1920e+00	-1.3225e-01	0.0000e+00	0.0000e+00
1.0400e+02	2.2400e+02	6.1900e+00	-1.0526e-01	0.0000e+00	0.0000e+00
1.1200e+02	2.2400e+02	6.1835e+00	-1.1633e-01	0.0000e+00	0.0000e+00
1.2000e+02	2.2400e+02	6.2306e+00	-1.5992e-01	0.0000e+00	0.0000e+00
1.2800e+02	2.2400e+02	6.2515e+00	-1.7423e-01	0.0000e+00	0.0000e+00
1.3600e+02	2.2400e+02	6.1824e+00	-1.4395e-01	0.0000e+00	0.0000e+00
1.4400e+02	2.2400e+02	6.0971e+00	-1.3133e-01	0.0000e+00	0.0000e+00
1.5200e+02	2.2400e+02	6.0687e+00	-1.3039e-01	0.0000e+00	0.0000e+00
1.6000e+02	2.2400e+02	6.1299e+00	-1.3633e-01	0.0000e+00	0.0000e+00
1.6800e+02	2.2400e+02	5.8814e+00	-1.6075e-01	1.0000e+00	0.0000e+00
1.7600e+02	2.2400e+02	6.0727e+00	-2.0345e-01	0.0000e+00	0.0000e+00
1.8400e+02	2.2400e+02	6.0720e+00	-1.7198e-01	0.0000e+00	0.0000e+00
1.9200e+02	2.2400e+02	6.0004e+00	-1.4339e-01	0.0000e+00	0.0000e+00
2.0000e+02	2.2400e+02	5.9460e+00	-1.7358e-01	0.0000e+00	0.0000e+00
2.0800e+02	2.2400e+02	5.8929e+00	-1.7144e-01	0.0000e+00	0.0000e+00
2.1600e+02	2.2400e+02	5.8807e+00	-1.5144e-01	0.0000e+00	0.0000e+00
2.2400e+02	2.2400e+02	5.8375e+00	-1.7432e-01	0.0000e+00	0.0000e+00
2.3200e+02	2.2400e+02	5.8452e+00	-2.2088e-01	0.0000e+00	0.0000e+00
2.4000e+02	2.2400e+02	5.8661e+00	-2.1633e-01	0.0000e+00	0.0000e+00
2.4800e+02	2.2400e+02	5.8911e+00	-2.0037e-01	0.0000e+00	0.0000e+00
8.0000e+00	2.1600e+02	6.7927e+00	-6.5387e-02	0.0000e+00	0.0000e+00
1.6000e+01	2.1600e+02	6.4748e+00	-8.8734e-02	1.0000e+00	0.0000e+00
2.4000e+01	2.1600e+02	6.4840e+00	-9.2356e-02	1.0000e+00	0.0000e+00
3.2000e+01	2.1600e+02	6.7208e+00	-1.3154e-01	0.0000e+00	0.0000e+00
4.0000e+01	2.1600e+02	6.7104e+00	-1.1945e-01	0.0000e+00	0.0000e+00
4.8000e+01	2.1600e+02	6.7095e+00	-7.8266e-02	0.0000e+00	0.0000e+00
5.6000e+01	2.1600e+02	6.6605e+00	-1.0160e-01	0.0000e+00	0.0000e+00
6.4000e+01	2.1600e+02	6.5741e+00	-1.3691e-01	0.0000e+00	0.0000e+00
7.2000e+01	2.1600e+02	6.6685e+00	-1.7876e-01	0.0000e+00	0.0000e+00
8.0000e+01	2.1600e+02	6.5544e+00	-1.5916e-01	0.0000e+00	0.0000e+00
8.8000e+01	2.1600e+02	6.6206e+00	-1.1864e-01	0.0000e+00	0.0000e+00
9.6000e+01	2.1600e+02	6.6050e+00	-1.3430e-01	0.0000e+00	0.0000e+00
1.0400e+02	2.1600e+02	6.5757e+00	-1.1930e-01	0.0000e+00	0.0000e+00
1.1200e+02	2.1600e+02	6.4360e+00	-1.5892e-01	1.0000e+00	0.0000e+00
1.2000e+02	2.1600e+02	6.5970e+00	-1.9709e-01	0.0000e+00	0.0000e+00
1.2800e+02	2.1600e+02	6.6127e+00	-2.0104e-01	0.0000e+00	0.0000e+00
1.3600e+02	2.1600e+02	6.5715e+00	-1.6657e-01	0.0000e+00	0.0000e+00
1.4400e+02	2.1600e+02	6.5470e+00	-1.6481e-01	0.0000e+00	0.0000e+00
1.5200e+02	2.1600e+02	6.3286e+00	-1.6127e-01	1.0000e+00	0.0000e+00
1.6000e+02	2.1600e+02	6.5341e+00	-1.5375e-01	0.0000e+00	0.0000e+00
1.6800e+02	2.1600e+02	6.4738e+00	-1.9694e-01	0.0000e+00	0.0000e+00
1.7600e+02	2.1600e+02	6.4531e+00	-2.2058e-01	0.0000e+00	0.0000e+00
1.8400e+02	2.1600e+02	6.2418e+00	-1.8391e-01	1.0000e+00	0.0000e+00
1.9200e+02	2.1600e+02	6.4297e+00	-1.7560e-01	0.0000e+00	0.0000e+00
2.0000e+02	2.1600e+02	6.3982e+00	-1.9287e-01	0.0000e+00	0.0000e+00
2.0800e+02	2.1600e+02	6.4235e+00	-2.0108e-01	0.0000e+00	0.0000e+00
2.1600e+02	2.1600e+02	6.4147e+00	-2.1067e-01	0.0000e+00	0.0000e+00
2.2400e+02	2.1600e+02	6.3816e+00	-2.3235e-01	0.0000e+00	0.0000e+00
2.3200e+02	2.1600e+02	6.3115e+00	-2.4590e-01	0.0000e+00	0.0000e+00
2.4000e+02	2.1600e+02	6.3368e+00	-1.8991e-01	0.0000e+00	0.0000e+00
2.4800e+02	2.1600e+02	6.3178e+00	-1.9023e-01	0.0000e+00	0.0000e+00
8.0000e+00	2.0800e+02	6.9786e+00	-9.7868e-02	0.0000e+00	0.0000e+00
1.6000e+01	2.0800e+02	6.9221e+00	-9.4780e-02	0.0000e+00	0.0000e+00
2.4000e+01	2.0800e+02	6.6320e+00	-9.4387e-02	1.0000e+00	0.0000e+00
3.2000e+01	2.0800e+02	6.6137e+00	-9.7674e-02	1.0000e+00	0.0000e+00
4.0000e+01	2.0800e+02	6.8666e+00	-1.2887e-01	0.0000e+00	0.0000e+00
4.8000e+01	2.0800e+02	6.9119e+00	-9.4605e-02	0.0000e+00	0.0000e+00
5.6000e+01	2.0800e+02	6.8398e+00	-8.4588e-02	0.0000e+00	0.0000e+00
6.4000e+01	2.0800e+02	6.7805e+00	-1.3174e-01	0.0000e+00	0.0000e+00
7.2000e+01	2.0800e+02	6.6089e+00	-1.3079e-01	1.0000e+00	0.0000e+00
8.0000e+01	2.0800e+02	6.6227e+00	-1.4025e-01	1.0000e+00	0.0000e+00
8.8000e+01	2.0800e+02	6.8311e+00	-1.5948e-01	0.0000e+00	0.0000e+00
9.6000e+01	2.0800e+02	6.8160e+00	-1.5736e-01	0.0000e+00	0.0000e+00
1.0400e+02	2.0800e+02	6.8054e+00	-1.4981e-01	0.0000e+00	0.0000e+00
1.1200e+02	2.0800e+02	6.7973e+00	-1.9256e-01	0.0000e+00	0.0000e+00
1.2000e+02	2.0800e+02	6.8386e+00	-1.9565e-01	0.0000e+00	0.0000e+00
1.2800e+02	2.0800e+02	6.8248e+00	-1.7856e-01	0.0000e+00	0.0000e+00
1.3600e+02	2.0800e+02	6.7746e+00	-1.8690e-01	0.0000e+00	0.0000e+00
1.4400e+02	2.0800e+02	6.7884e+00	-1.8587e-01	0.0000e+00	0.0000e+00
1.5200e+02	2.0800e+02	6.5721e+00	-1.7177e-01	1.0000e+00	0.0000e+00
1.6000e+02	2.0800e+02	6.7976e+00	-1.5895e-01	0.0000e+00	0.0000e+00
1.6800e+02	2.0800e+02	6.7510e+00	-1.9409e-01	0.0000e+00	0.0000e+00
1.7600e+02	2.0800e+02	6.7481e+00	-2.0217e-01	0.0000e+00	0.0000e+00
1.8400e+02	2.0800e+02	6.5095e+00	-1.9841e-01	1.0000e+00	0.0000e+00
1.9200e+02	2.0800e+02	6.7323e+00	-2.4281e-01	0.0000e+00	0.0000e+00
2.0000e+02	2.0800e+02	6.4862e+00	-1.9941e-01	1.0000e+00	0.0000e+00
2.0800e+02	2.0800e+02	6.7258e+00	-2.0585e-01	0.0000e+00	0.0000e+00
2.1600e+02	2.0800e+02	6.7198e+00	-2.3950e-01	0.0000e+00	0.0000e+00
2.2400e+02	2.0800e+02	6.4414e+00	-2.2115e-01	1.0000e+00	0.0000e+00
2.3200e+02	2.0800e+02	6.6415e+00	-2.5576e-01	0.0000e+00	0.0000e+00
2.4000e+02	2.0800e+02	6.6743e+00	-1.9297e-01	0.0000e+00	0.0000e+00
2.4800e+02	2.0800e+02	6.6521e+00	-2.2617e-01	0.0000e+00	0.0000e+00
8.0000e+00	2.0000e+02	6.6712e+00	-9.0313e-02	1.0000e+00	0.0000e+00
1.6000e+01	2.0000e+02	6.6561e+00	-9.4691e-02	1.0000e+00	0.0000e+00
2.4000e+01	2.0000e+02	6.8817e+00	-7.4254e-02	0.0000e+00	0.0000e+00
3.2000e+01	2.0000e+02	6.6472e+00	-1.0323e-01	1.0000e+00	0.0000e+00
4.0000e+01	2.0000e+02	6.8573e+00	-1.1298e-01	0.0000e+00	0.0000e+00
4.8000e+01	2.0000e+02	6.9190e+00	-8.7008e-02	0.0000e+00	0.0000e+00
5.6000e+01	2.0000e+02	6.6697e+00	-1.2076e-01	1.0000e+00	0.0000e+00
6.4000e+01	2.0000e+02	6.6705e+00	-1.2543e-01	1.0000e+00	0.0000e+00
7.2000e+01	2.0000e+02	6.8796e+00	-1.2577e-01	0.0000e+00	0.0000e+00
8.0000e+01	2.0000e+02	6.8925e+00	-1.2370e-01	0.0000e+00	0.0000e+00
8.8000e+01	2.0000e+02	6.8528e+00	-1.7255e-01	0.0000e+00	0.0000e+00
9.6000e+01	2.0000e+02	6.8862e+00	-1.7664e-01	0.0000e+00	0.0000e+00
1.0400e+02	2.0000e+02	6.8227e+00	-1.7199e-01	0.0000e+00	0.0000e+00
1.1200e+02	2.0000e+02	6.8571e+00	-2.0172e-01	0.0000e+00	0.0000e+00
1.2000e+02	2.0000e+02	6.8855e+00	-2.2151e-01	0.0000e+00	0.0000e+00
1.2800e+02	2.0000e+02	6.8533e+00	-1.9009e-01	0.0000e+00	0.0000e+00
1.3600e+02	2.0000e+02	6.8116e+00	-1.8668e-01	0.0000e+00	0.0000e+00
1.4400e+02	2.0000e+02	6.8408e+00	-2.1464e-01	0.0000e+00	0.0000e+00
1.5200e+02	2.0000e+02	6.8584e+00	-1.6840e-01	0.0000e+00	0.0000e+00
1.6000e+02	2.0000e+02	6.8878e+00	-1.6469e-01	0.0000e+00	0.0000e+00
1.6800e+02	2.0000e+02	6.6308e+00	-1.9685e-01	1.0000e+00	0.0000e+00
1.7600e+02	2.0000e+02	6.8304e+00	-1.8522e-01	0.0000e+00	0.0000e+00
1.8400e+02	2.0000e+02	6.8067e+00	-1.8546e-01	0.0000e+00	0.0000e+00
1.9200e+02	2.0000e+02	6.8286e+00	-2.0579e-01	0.0000e+00	0.0000e+00
2.0000e+02	2.0000e+02	6.8250e+00	-1.9646e-01	0.0000e+00	0.0000e+00
2.0800e+02	2.0000e+02	6.8143e+00	-2.0600e-01	0.0000e+00	0.0000e+00
2.1600e+02	2.0000e+02	6.8003e+00	-2.2180e-01	0.0000e+00	0.0000e+00
2.2400e+02	2.0000e+02	6.7985e+00	-2.5488e-01	0.0000e+00	0.0000e+00
2.3200e+02	2.0000e+02	6.8094e+00	-2.7829e-01	0.0000e+00	0.0000e+00
2.4000e+02	2.0000e+02	6.5650e+00	-2.3747e-01	1.0000e+00	0.0000e+00
2.4800e+02	2.0000e+02	6.7891e+00	-2.7154e-01	0.0000e+00	0.0000e+00
8.0000e+00	1.9200e+02	6.8265e+00	-6.9503e-02	0.0000e+00	0.0000e+00
1.6000e+01	1.9200e+02	6.5149e+00	-9.5403e-02	1.0000e+00	0.0000e+00
2.4000e+01	1.9200e+02	6.7283e+00	-1.1400e-01	0.0000e+00	0.0000e+00
3.2000e+01	1.9200e+02	6.4748e+00	-1.0521e-01	1.0000e+00	0.0000e+00
4.0000e+01	1.9200e+02	6.4775e+00	-1.0859e-01	1.0000e+00	0.0000e+00
4.8000e+01	1.9200e+02	6.4764e+00	-1.1422e-01	1.0000e+00	0.0000e+00
5.6000e+01	1.9200e+02	6.4976e+00	-1.1980e-01	1.0000e+00	0.0000e+00
6.4000e+01	1.9200e+02	6.7738e+00	-1.3652e-01	0.0000e+00	0.0000e+00
7.2000e+01	1.9200e+02	6.7601e+00	-1.3734e-01	0.0000e+00	0.0000e+00
8.0000e+01	1.9200e+02	6.7740e+00	-1.4021e-01	0.0000e+00	0.0000e+00
8.8000e+01	1.9200e+02	6.7601e+00	-1.5407e-01	0.0000e+00	0.0000e+00
9.6000e+01	1.9200e+02	6.7966e+00	-1.6303e-01	0.0000e+00	0.0000e+00
1.0400e+02	1.9200e+02	6.7586e+00	-1.7817e-01	0.0000e+00	0.0000e+00
1.1200e+02	1.9200e+02	6.7068e+00	-1.5685e-01	0.0000e+00	0.0000e+00
1.2000e+02	1.9200e+02	6.7473e+00	-1.6549e-01	0.0000e+00	0.0000e+00
1.2800e+02	1.9200e+02	6.6956e+00	-1.5346e-01	0.0000e+00	0.0000e+00
1.3600e+02	1.9200e+02	6.7322e+00	-1.3294e-01	0.0000e+00	0.0000e+00
1.4400e+02	1.9200e+02	6.7070e+00	-1.6568e-01	0.0000e+00	0.0000e+00
1.5200e+02	1.9200e+02	6.7378e+00	-1.8765e-01	0.0000e+00	0.0000e+00
1.6000e+02	1.9200e+02	6.7877e+00	-1.8964e-01	0.0000e+00	0.0000e+00
1.6800e+02	1.9200e+02	6.7299e+00	-2.4431e-01	0.0000e+00	0.0000e+00
1.7600e+02	1.9200e+02	6.7354e+00	-2.3915e-01	0.0000e+00	0.0000e+00
1.8400e+02	1.9200e+02	6.7411e+00	-2.1594e-01	0.0000e+00	0.0000e+00
1.9200e+02	1.9200e+02	6.7580e+00	-2.1092e-01	0.0000e+00	0.0000e+00
2.0000e+02	1.9200e+02	6.5265e+00	-2.1852e-01	1.0000e+00	0.0000e+00
2.0800e+02	1.9200e+02	6.5142e+00	-2.2490e-01	1.0000e+00	0.0000e+00
2.1600e+02	1.9200e+02	6.5094e+00	-2.3111e-01	1.0000e+00	0.0000e+00
2.2400e+02	1.9200e+02	6.5178e+00	-2.3556e-01	1.0000e+00	0.0000e+00
2.3200e+02	1.9200e+02	6.7634e+00	-2.5869e-01	0.0000e+00	0.0000e+00
2.4000e+02	1.9200e+02	6.5228e+00	-2.4495e-01	1.0000e+00	0.0000e+00
2.4800e+02	1.9200e+02	6.7459e+00	-2.5592e-01	0.0000e+00	0.0000e+00
8.0000e+00	1.8400e+02	6.4803e+00	-7.9191e-02	0.0000e+00	0.0000e+00
1.6000e+01	1.8400e+02	6.4466e+00	-1.1478e-01	0.0000e+00	0.0000e+00
2.4000e+01	1.8400e+02	6.4161e+00	-9.5100e-02	0.0000e+00	0.0000e+00
3.2000e+01	1.8400e+02	6.4114e+00	-9.8423e-02	0.0000e+00	0.0000e+00
4.0000e+01	1.8400e+02	6.4002e+00	-1.1566e-01	0.0000e+00	0.0000e+00
4.8000e+01	1.8400e+02	6.4337e+00	-1.2881e-01	0.0000e+00	0.0000e+00
5.6000e+01	1.8400e+02	6.4276e+00	-1.4423e-01	0.0000e+00	0.0000e+00
6.4000e+01	1.8400e+02	6.4246e+00	-1.2633e-01	0.0000e+00	0.0000e+00
7.2000e+01	1.8400e+02	6.4482e+00	-1.2545e-01	0.0000e+00	0.0000e+00
8.0000e+01	1.8400e+02	6.4580e+00	-1.3337e-01	0.0000e+00	0.0000e+00
8.8000e+01	1.8400e+02	6.4793e+00	-1.2636e-01	0.0000e+00	0.0000e+00
9.6000e+01	1.8400e+02	6.4711e+00	-1.3841e-01	0.0000e+00	0.0000e+00
1.0400e+02	1.8400e+02	6.2593e+00	-1.5784e-01	1.0000e+00	0.0000e+00
1.1200e+02	1.8400e+02	6.4232e+00	-1.4550e-01	0.0000e+00	0.0000e+00
1.2000e+02	1.8400e+02	6.4773e+00	-1.4367e-01	0.0000e+00	0.0000e+00
1.2800e+02	1.8400e+02	6.4280e+00	-1.6520e-01	0.0000e+00	0.0000e+00
1.3600e+02	1.8400e+02	6.4370e+00	-1.2654e-01	0.0000e+00	0.0000e+00
1.4400e+02	1.8400e+02	6.4427e+00	-1.4549e-01	0.0000e+00	0.0000e+00
1.5200e+02	1.8400e+02	6.4484e+00	-2.1053e-01	0.0000e+00	0.0000e+00
1.6000e+02	1.8400e+02	6.4757e+00	-2.1396e-01	0.0000e+00	0.0000e+00
1.6800e+02	1.8400e+02	6.4678e+00	-2.3828e-01	0.0000e+00	0.0000e+00
1.7600e+02	1.8400e+02	6.5001e+00	-2.2054e-01	0.0000e+00	0.0000e+00
1.8400e+02	1.8400e+02	6.5027e+00	-2.1341e-01	0.0000e+00	0.0000e+00
1.9200e+02	1.8400e+02	6.5296e+00	-2.3976e-01	0.0000e+00	0.0000e+00
2.0000e+02	1.8400e+02	6.3047e+00	-2.1750e-01	1.0000e+00	0.0000e+00
2.0800e+02	1.8400e+02	6.5057e+00	-2.4126e-01	0.0000e+00	0.0000e+00
2.1600e+02	1.8400e+02	6.5023e+00	-2.3605e-01	0.0000e+00	0.0000e+00
2.2400e+02	1.8400e+02	6.5257e+00	-2.3725e-01	0.0000e+00	0.0000e+00
2.3200e+02	1.8400e+02	6.5075e+00	-2.3545e-01	0.0000e+00	0.0000e+00
2.4000e+02	1.8400e+02	6.4986e+00	-2.3000e-01	0.0000e+00	0.0000e+00
2.4800e+02	1.8400e+02	6.5065e+00	-2.5496e-01	0.0000e+00	0.0000e+00
8.0000e+00	1.7600e+02	6.0045e+00	-6.6710e-02	0.0000e+00	0.0000e+00
1.6000e+01	1.7600e+02	5.9092e+00	-1.2018e-01	0.0000e+00	0.0000e+00
2.4000e+01	1.7600e+02	5.8873e+00	-1.1146e-01	0.0000e+00	0.0000e+00
3.2000e+01	1.7600e+02	5.9022e+00	-9.1284e-02	0.0000e+00	0.0000e+00
4.0000e+01	1.7600e+02	5.6608e+00	-1.1228e-01	1.0000e+00	0.0000e+00
4.8000e+01	1.7600e+02	5.6834e+00	-1.1761e-01	1.0000e+00	0.0000e+00
5.6000e+01	1.7600e+02	5.9651e+00	-1.3337e-01	0.0000e+00	0.0000e+00
6.4000e+01	1.7600e+02	5.9549e+00	-1.0934e-01	0.0000e+00	0.0000e+00
7.2000e+01	1.7600e+02	5.9586e+00	-1.1381e-01	0.0000e+00	0.0000e+00
8.0000e+01	1.7600e+02	5.9434e+00	-1.3344e-01	0.0000e+00	0.0000e+00
8.8000e+01	1.7600e+02	5.9847e+00	-1.4016e-01	0.0000e+00	0.0000e+00
9.6000e+01	1.7600e+02	5.9809e+00	-1.5539e-01	0.0000e+00	0.0000e+00
1.0400e+02	1.7600e+02	5.9917e+00	-1.6375e-01	0.0000e+00	0.0000e+00
1.1200e+02	1.7600e+02	5.9806e+00	-1.5054e-01	0.0000e+00	0.0000e+00
1.2000e+02	1.7600e+02	5.9996e+00	-1.5824e-01	0.0000e+00	0.0000e+00
1.2800e+02	1.7600e+02	5.9980e+00	-1.8950e-01	0.0000e+00	0.0000e+00
1.3600e+02	1.7600e+02	5.9761e+00	-1.5822e-01	0.0000e+00	0.0000e+00
1.4400e+02	1.7600e+02	6.0123e+00	-1.8785e-01	0.0000e+00	0.0000e+00
1.5200e+02	1.7600e+02	6.0188e+00	-2.2791e-01	0.0000e+00	0.0000e+00
1.6000e+02	1.7600e+02	5.9788e+00	-1.9965e-01	0.0000e+00	0.0000e+00
1.6800e+02	1.7600e+02	6.0192e+00	-2.1524e-01	0.0000e+00	0.0000e+00
1.7600e+02	1.7600e+02	6.0592e+00	-2.2410e-01	0.0000e+00	0.0000e+00
1.8400e+02	1.7600e+02	6.0891e+00	-2.1674e-01	0.0000e+00	0.0000e+00
1.9200e+02	1.7600e+02	6.1217e+00	-2.2044e-01	0.0000e+00	0.0000e+00
2.0000e+02	1.7600e+02	6.0735e+00	-2.1772e-01	0.0000e+00	0.0000e+00
2.0800e+02	1.7600e+02	6.0926e+00	-2.1887e-01	0.0000e+00	0.0000e+00
2.1600e+02	1.7600e+02	6.0959e+00	-2.3498e-01	0.0000e+00	0.0000e+00
2.2400e+02	1.7600e+02	6.1153e+00	-2.4560e-01	0.0000e+00	0.0000e+00
2.3200e+02	1.7600e+02	6.1285e+00	-2.4685e-01	0.0000e+00	0.0000e+00
2.4000e+02	1.7600e+02	6.1279e+00	-2.4826e-01	0.0000e+00	0.0000e+00
2.4800e+02	1.7600e+02	6.1308e+00	-2.6731e-01	0.0000e+00	0.0000e+00
8.0000e+00	1.6800e+02	5.2924e+00	-5.8955e-02	0.0000e+00	0.0000e+00
1.6000e+01	1.6800e+02	5.0453e+00	-8.5127e-02	1.0000e+00	0.0000e+00
2.4000e+01	1.6800e+02	5.2359e+00	-7.4335e-02	0.0000e+00	0.0000e+00
3.2000e+01	1.6800e+02	5.0108e+00	-1.0031e-01	1.0000e+00	0.0000e+00
4.0000e+01	1.6800e+02	5.2044e+00	-1.2896e-01	0.0000e+00	0.0000e+00
4.8000e+01	1.6800e+02	5.2512e+00	-1.3795e-01	0.0000e+00	0.0000e+00
5.6000e+01	1.6800e+02	5.2641e+00	-1.2805e-01	0.0000e+00	0.0000e+00
6.4000e+01	1.6800e+02	5.3039e+00	-1.2318e-01	0.0000e+00	0.0000e+00
7.2000e+01	1.6800e+02	5.3119e+00	-1.2119e-01	0.0000e+00	0.0000e+00
8.0000e+01	1.6800e+02	5.2920e+00	-1.1050e-01	0.0000e+00	0.0000e+00
8.8000e+01	1.6800e+02	5.3155e+00	-1.1549e-01	0.0000e+00	0.0000e+00
9.6000e+01	1.6800e+02	5.1591e+00	-1.2465e-01	1.0000e+00	0.0000e+00
1.0400e+02	1.6800e+02	5.1713e+00	-1.3169e-01	1.0000e+00	0.0000e+00
1.1200e+02	1.6800e+02	5.3629e+00	-1.5800e-01	0.0000e+00	0.0000e+00
1.2000e+02	1.6800e+02	5.3513e+00	-1.7424e-01	0.0000e+00	0.0000e+00
1.2800e+02	1.6800e+02	5.2107e+00	-1.4718e-01	1.0000e+00	0.0000e+00
1.3600e+02	1.6800e+02	5.3931e+00	-1.5787e-01	0.0000e+00	0.0000e+00
1.4400e+02	1.6800e+02	5.4131e+00	-2.0232e-01	0.0000e+00	0.0000e+00
1.5200e+02	1.6800e+02	5.4264e+00	-2.1736e-01	0.0000e+00	0.0000e+00
1.6000e+02	1.6800e+02	5.3684e+00	-1.6844e-01	0.0000e+00	0.0000e+00
1.6800e+02	1.6800e+02	5.4258e+00	-1.6817e-01	0.0000e+00	0.0000e+00
1.7600e+02	1.6800e+02	5.4589e+00	-1.7352e-01	0.0000e+00	0.0000e+00
1.8400e+02	1.6800e+02	5.5015e+00	-1.9105e-01	0.0000e+00	0.0000e+00
1.9200e+02	1.6800e+02	5.5219e+00	-2.0045e-01	0.0000e+00	0.0000e+00
2.0000e+02	1.6800e+02	5.5279e+00	-2.2238e-01	0.0000e+00	0.0000e+00
2.0800e+02	1.6800e+02	5.5461e+00	-2.1903e-01	0.0000e+00	0.0000e+00
2.1600e+02	1.6800e+02	5.5624e+00	-2.2572e-01	0.0000e+00	0.0000e+00
2.2400e+02	1.6800e+02	5.5925e+00	-2.5130e-01	0.0000e+00	0.0000e+00
2.3200e+02	1.6800e+02	5.6071e+00	-2.4811e-01	0.0000e+00	0.0000e+00
2.4000e+02	1.6800e+02	5.6094e+00	-2.4307e-01	0.0000e+00	0.0000e+00
2.4800e+02	1.6800e+02	5.8740e+00	-1.9297e-01	0.0000e+00	0.0000e+00
8.0000e+00	1.6000e+02	4.5243e+00	-1.0987e-01	0.0000e+00	0.0000e+00
1.6000e+01	1.6000e+02	4.3856e+00	-7.2163e-02	0.0000e+00	0.0000e+00
2.4000e+01	1.6000e+02	4.1977e+00	-8.0082e-02	1.0000e+00	0.0000e+00
3.2000e+01	1.6000e+02	4.4178e+00	-6.0373e-02	0.0000e+00	0.0000e+00
4.0000e+01	1.6000e+02	4.3843e+00	-1.2160e-01	0.0000e+00	0.0000e+00
4.8000e+01	1.6000e+02	4.4347e+00	-1.3664e-01	0.0000e+00	0.0000e+00
5.6000e+01	1.6000e+02	4.4176e+00	-1.2669e-01	0.0000e+00	0.0000e+00
6.4000e+01	1.6000e+02	4.4327e+00	-1.1009e-01	0.0000e+00	0.0000e+00
7.2000e+01	1.6000e+02	4.4471e+00	-1.0302e-01	0.0000e+00	0.0000e+00
8.0000e+01	1.6000e+02	4.4810e+00	-1.0207e-01	0.0000e+00	0.0000e+00
8.8000e+01	1.6000e+02	4.5047e+00	-1.0642e-01	0.0000e+00	0.0000e+00
9.6000e+01	1.6000e+02	4.5266e+00	-1.1018e-01	0.0000e+00	0.0000e+00
1.0400e+02	1.6000e+02	4.5576e+00	-1.2094e-01	0.0000e+00	0.0000e+00
1.1200e+02	1.6000e+02	4.6034e+00	-1.3716e-01	0.0000e+00	0.0000e+00
1.2000e+02	1.6000e+02	4.5794e+00	-1.4318e-01	0.0000e+00	0.0000e+00
1.2800e+02	1.6000e+02	4.5722e+00	-1.4316e-01	0.0000e+00	0.0000e+00
1.3600e+02	1.6000e+02	4.6054e+00	-1.4193e-01	0.0000e+00	0.0000e+00
1.4400e+02	1.6000e+02	4.5936e+00	-1.4403e-01	0.0000e+00	0.0000e+00
1.5200e+02	1.6000e+02	4.6238e+00	-1.5309e-01	0.0000e+00	0.0000e+00
1.6000e+02	1.6000e+02	4.6041e+00	-1.6421e-01	0.0000e+00	0.0000e+00
1.6800e+02	1.6000e+02	4.6786e+00	-1.6174e-01	0.0000e+00	0.0000e+00
1.7600e+02	1.6000e+02	4.7215e+00	-1.6041e-01	0.0000e+00	0.0000e+00
1.8400e+02	1.6000e+02	4.7942e+00	-1.7008e-01	0.0000e+00	0.0000e+00
1.9200e+02	1.6000e+02	4.8190e+00	-1.7936e-01	0.0000e+00	0.0000e+00
2.0000e+02	1.6000e+02	4.8287e+00	-1.8078e-01	0.0000e+00	0.0000e+00
2.0800e+02	1.6000e+02	4.7071e+00	-1.8864e-01	1.0000e+00	0.0000e+00
2.1600e+02	1.6000e+02	4.8730e+00	-2.1659e-01	0.0000e+00	0.0000e+00
2.2400e+02	1.6000e+02	4.9069e+00	-2.2270e-01	0.0000e+00	0.0000e+00
2.3200e+02	1.6000e+02	4.9078e+00	-2.1987e-01	0.0000e+00	0.0000e+00
2.4000e+02	1.6000e+02	4.9404e+00	-2.1550e-01	0.0000e+00	0.0000e+00
2.4800e+02	1.6000e+02	5.1380e+00	-1.8798e-01	0.0000e+00	0.0000e+00
8.0000e+00	1.5200e+02	3.4099e+00	-5.3189e-02	0.0000e+00	0.0000e+00
1.6000e+01	1.5200e+02	3.3199e+00	-6.2545e-02	0.0000e+00	0.0000e+00
2.4000e+01	1.5200e+02	3.3479e+00	-8.5494e-02	0.0000e+00	0.0000e+00
3.2000e+01	1.5200e+02	3.3564e+00	-8.5880e-02	0.0000e+00	0.0000e+00
4.0000e+01	1.5200e+02	3.3814e+00	-7.7334e-02	0.0000e+00	0.0000e+00
4.8000e+01	1.5200e+02	3.4432e+00	-9.1889e-02	0.0000e+00	0.0000e+00
5.6000e+01	1.5200e+02	3.4125e+00	-8.0376e-02	1.0000e+00	0.0000e+00
6.4000e+01	1.5200e+02	3.5273e+00	-7.1981e-02	0.0000e+00	0.0000e+00
7.2000e+01	1.5200e+02	3.5884e+00	-7.5575e-02	0.0000e+00	0.0000e+00
8.0000e+01	1.5200e+02	3.5938e+00	-7.9395e-02	0.0000e+00	0.0000e+00
8.8000e+01	1.5200e+02	3.5951e+00	-8.5461e-02	0.0000e+00	0.0000e+00
9.6000e+01	1.5200e+02	3.5883e+00	-9.3595e-02	0.0000e+00	0.0000e+00
1.0400e+02	1.5200e+02	3.5971e+00	-9.6318e-02	0.0000e+00	0.0000e+00
1.1200e+02	1.5200e+02	3.6562e+00	-9.9687e-02	0.0000e+00	0.0000e+00
1.2000e+02	1.5200e+02	3.6664e+00	-1.1524e-01	0.0000e+00	0.0000e+00
1.2800e+02	1.5200e+02	3.6599e+00	-1.1688e-01	0.0000e+00	0.0000e+00
1.3600e+02	1.5200e+02	3.7030e+00	-1.0772e-01	0.0000e+00	0.0000e+00
1.4400e+02	1.5200e+02	3.7231e+00	-1.2013e-01	0.0000e+00	0.0000e+00
1.5200e+02	1.5200e+02	3.7224e+00	-1.3075e-01	0.0000e+00	0.0000e+00
1.6000e+02	1.5200e+02	3.7436e+00	-1.3916e-01	0.0000e+00	0.0000e+00
1.6800e+02	1.5200e+02	3.7983e+00	-1.4287e-01	0.0000e+00	0.0000e+00
1.7600e+02	1.5200e+02	3.9027e+00	-1.4236e-01	0.0000e+00	0.0000e+00
1.8400e+02	1.5200e+02	3.8365e+00	-1.4149e-01	1.0000e+00	0.0000e+00
1.9200e+02	1.5200e+02	3.8676e+00	-1.4500e-01	1.0000e+00	0.0000e+00
2.0000e+02	1.5200e+02	3.8961e+00	-1.5184e-01	1.0000e+00	0.0000e+00
2.0800e+02	1.5200e+02	3.9238e+00	-1.5986e-01	1.0000e+00	0.0000e+00
2.1600e+02	1.5200e+02	4.0238e+00	-1.8190e-01	0.0000e+00	0.0000e+00
2.2400e+02	1.5200e+02	4.0378e+00	-1.7706e-01	0.0000e+00	0.0000e+00
2.3200e+02	1.5200e+02	4.0569e+00	-1.7801e-01	0.0000e+00	0.0000e+00
2.4000e+02	1.5200e+02	4.1115e+00	-1.7764e-01	0.0000e+00	0.0000e+00
2.4800e+02	1.5200e+02	4.1859e+00	-2.2176e-01	0.0000e+00	0.0000e+00
8.0000e+00	1.4400e+02	2.2634e+00	-4.0771e-02	0.0000e+00	0.0000e+00
1.6000e+01	1.4400e+02	2.2225e+00	-5.1513e-02	0.0000e+00	0.0000e+00
2.4000e+01	1.4400e+02	2.2001e+00	-6.3019e-02	0.0000e+00	0.0000e+00
3.2000e+01	1.4400e+02	2.2365e+00	-5.5572e-02	0.0000e+00	0.0000e+00
4.0000e+01	1.4400e+02	2.2995e+00	-3.3706e-02	0.0000e+00	0.0000e+00
4.8000e+01	1.4400e+02	2.3476e+00	-4.4849e-02	0.0000e+00	0.0000e+00
5.6000e+01	1.4400e+02	2.3998e+00	-7.3050e-02	0.0000e+00	0.0000e+00
6.4000e+01	1.4400e+02	2.4803e+00	-6.6340e-02	0.0000e+00	0.0000e+00
7.2000e+01	1.4400e+02	2.4859e+00	-4.8392e-02	0.0000e+00	0.0000e+00
8.0000e+01	1.4400e+02	2.5567e+00	-3.0453e-02	0.0000e+00	0.0000e+00
8.8000e+01	1.4400e+02	2.5540e+00	-3.5266e-02	0.0000e+00	0.0000e+00
9.6000e+01	1.4400e+02	2.5548e+00	-6.0361e-02	0.0000e+00	0.0000e+00
1.0400e+02	1.4400e+02	2.6118e+00	-6.6404e-02	0.0000e+00	0.0000e+00
1.1200e+02	1.4400e+02	2.6538e+00	-5.8078e-02	0.0000e+00	0.0000e+00
1.2000e+02	1.4400e+02	2.6661e+00	-7.4328e-02	0.0000e+00	0.0000e+00
1.2800e+02	1.4400e+02	2.6710e+00	-9.5971e-02	0.0000e+00	0.0000e+00
1.3600e+02	1.4400e+02	2.8037e+00	-8.1123e-02	1.0000e+00	0.0000e+00
1.4400e+02	1.4400e+02	2.7468e+00	-9.2867e-02	0.0000e+00	0.0000e+00
1.5200e+02	1.4400e+02	2.7709e+00	-9.5319e-02	0.0000e+00	0.0000e+00
1.6000e+02	1.4400e+02	2.8020e+00	-1.0444e-01	0.0000e+00	0.0000e+00
1.6800e+02	1.4400e+02	2.8787e+00	-1.1583e-01	0.0000e+00	0.0000e+00
1.7600e+02	1.4400e+02	2.9300e+00	-1.0914e-01	0.0000e+00	0.0000e+00
1.8400e+02	1.4400e+02	2.9917e+00	-1.0726e-01	0.0000e+00	0.0000e+00
1.9200e+02	1.4400e+02	3.0147e+00	-1.3809e-01	0.0000e+00	0.0000e+00
2.0000e+02	1.4400e+02	3.0686e+00	-1.4511e-01	0.0000e+00	0.0000e+00
2.0800e+02	1.4400e+02	3.0986e+00	-1.1712e-01	0.0000e+00	0.0000e+00
2.1600e+02	1.4400e+02	3.0874e+00	-1.1713e-01	0.0000e+00	0.0000e+00
2.2400e+02	1.4400e+02	3.1229e+00	-1.3117e-01	0.0000e+00	0.0000e+00
2.3200e+02	1.4400e+02	3.1597e+00	-1.3493e-01	0.0000e+00	0.0000e+00
2.4000e+02	1.4400e+02	3.2032e+00	-1.4254e-01	0.0000e+00	0.0000e+00
2.4800e+02	1.4400e+02	3.2603e+00	-1.3403e-01	0.0000e+00	0.0000e+00
8.0000e+00	1.3600e+02	1.1288e+00	-2.0903e-02	0.0000e+00	0.0000e+00
1.6000e+01	1.3600e+02	1.2265e+00	1.2505e-02	0.0000e+00	0.0000e+00
2.4000e+01	1.3600e+02	1.2820e+00	-1.4013e-03	0.0000e+00	0.0000e+00
3.2000e+01	1.3600e+02	1.2919e+00	1.3882e-03	0.0000e+00	0.0000e+00
4.0000e+01	1.3600e+02	1.2882e+00	-7.0762e-03	0.0000e+00	0.0000e+00
4.8000e+01	1.3600e+02	1.6615e+00	-1.0718e-02	1.0000e+00	0.0000e+00
5.6000e+01	1.3600e+02	1.4224e+00	-1.5269e-02	0.0000e+00	0.0000e+00
6.4000e+01	1.3600e+02	1.5079e+00	-4.7445e-02	0.0000e+00	0.0000e+00
7.2000e+01	1.3600e+02	1.5036e+00	-2.1839e-02	0.0000e+00	0.0000e+00
8.0000e+01	1.3600e+02	1.5928e+00	-1.1365e-02	0.0000e+00	0.0000e+00
8.8000e+01	1.3600e+02	1.6102e+00	-1.1777e-02	0.0000e+00	0.0000e+00
9.6000e+01	1.3600e+02	1.6189e+00	-1.9669e-02	0.0000e+00	0.0000e+00
1.0400e+02	1.3600e+02	1.8564e+00	-3.3504e-02	1.0000e+00	0.0000e+00
1.1200e+02	1.3600e+02	1.7312e+00	-5.1542e-02	0.0000e+00	0.0000e+00
1.2000e+02	1.3600e+02	1.7313e+00	-6.1511e-02	0.0000e+00	0.0000e+00
1.2800e+02	1.3600e+02	1.9629e+00	-4.6241e-02	1.0000e+00	0.0000e+00
1.3600e+02	1.3600e+02	1.9922e+00	-4.6808e-02	1.0000e+00	0.0000e+00
1.4400e+02	1.3600e+02	1.8937e+00	-4.3188e-02	0.0000e+00	0.0000e+00
1.5200e+02	1.3600e+02	1.9354e+00	-3.4862e-02	0.0000e+00	0.0000e+00
1.6000e+02	1.3600e+02	1.9705e+00	-5.7840e-02	0.0000e+00	0.0000e+00
1.6800e+02	1.3600e+02	2.0153e+00	-8.6143e-02	0.0000e+00	0.0000e+00
1.7600e+02	1.3600e+02	2.0249e+00	-6.7475e-02	0.0000e+00	0.0000e+00
1.8400e+02	1.3600e+02	2.2024e+00	-7.1755e-02	1.0000e+00	0.0000e+00
1.9200e+02	1.3600e+02	2.0766e+00	-8.1011e-02	0.0000e+00	0.0000e+00
2.0000e+02	1.3600e+02	2.1372e+00	-8.4761e-02	0.0000e+00	0.0000e+00
2.0800e+02	1.3600e+02	2.2291e+00	-7.3716e-02	0.0000e+00	0.0000e+00
2.1600e+02	1.3600e+02	2.2059e+00	-8.2533e-02	0.0000e+00	0.0000e+00
2.2400e+02	1.3600e+02	2.2669e+00	-9.6024e-02	0.0000e+00	0.0000e+00
2.3200e+02	1.3600e+02	2.3141e+00	-9.6945e-02	0.0000e+00	0.0000e+00
2.4000e+02	1.3600e+02	2.4476e+00	-9.5989e-02	1.0000e+00	0.0000e+00
2.4800e+02	1.3600e+02	2.4076e+00	-8.7482e-02	0.0000e+00	0.0000e+00
8.0000e+00	1.2800e+02	8.8410e-01	3.6125e-02	1.0000e+00	0.0000e+00
1.6000e+01	1.2800e+02	4.6651e-01	4.0487e-02	0.0000e+00	0.0000e+00
2.4000e+01	1.2800e+02	5.4942e-01	7.1245e-02	0.0000e+00	0.0000e+00
3.2000e+01	1.2800e+02	5.8966e-01	8.2251e-02	0.0000e+00	0.0000e+00
4.0000e+01	1.2800e+02	6.3770e-01	4.9383e-02	0.0000e+00	0.0000e+00
4.8000e+01	1.2800e+02	9.7170e-01	2.3066e-02	1.0000e+00	0.0000e+00
5.6000e+01	1.2800e+02	9.9719e-01	1.7331e-02	1.0000e+00	0.0000e+00
6.4000e+01	1.2800e+02	7.7523e-01	3.1660e-03	0.0000e+00	0.0000e+00
7.2000e+01	1.2800e+02	7.8813e-01	3.1069e-02	0.0000e+00	0.0000e+00
8.0000e+01	1.2800e+02	1.0710e+00	7.6041e-03	1.0000e+00	0.0000e+00
8.8000e+01	1.2800e+02	8.4599e-01	1.4057e-02	0.0000e+00	0.0000e+00
9.6000e+01	1.2800e+02	8.6874e-01	7.9610e-03	0.0000e+00	0.0000e+00
1.0400e+02	1.2800e+02	9.3288e-01	3.3207e-02	0.0000e+00	0.0000e+00
1.1200e+02	1.2800e+02	9.7466e-01	-4.0319e-02	0.0000e+00	0.0000e+00
1.2000e+02	1.2800e+02	9.9182e-01	-3.7895e-02	0.0000e+00	0.0000e+00
1.2800e+02	1.2800e+02	1.0502e+00	-3.8260e-04	0.0000e+00	0.0000e+00
1.3600e+02	1.2800e+02	1.1155e+00	2.3226e-03	0.0000e+00	0.0000e+00
1.4400e+02	1.2800e+02	1.1354e+00	2.2213e-03	0.0000e+00	0.0000e+00
1.5200e+02	1.2800e+02	1.1769e+00	-6.0068e-03	0.0000e+00	0.0000e+00
1.6000e+02	1.2800e+02	1.1832e+00	-1.6962e-02	0.0000e+00	0.0000e+00
1.6800e+02	1.2800e+02	1.2225e+00	-2.3178e-02	0.0000e+00	0.0000e+00
1.7600e+02	1.2800e+02	1.2488e+00	-2.2473e-02	0.0000e+00	0.0000e+00
1.8400e+02	1.2800e+02	1.2761e+00	1.8788e-02	0.0000e+00	0.0000e+00
1.9200e+02	1.2800e+02	1.5181e+00	-3.7962e-02	1.0000e+00	0.0000e+00
2.0000e+02	1.2800e+02	1.3849e+00	-2.5943e-02	0.0000e+00	0.0000e+00
2.0800e+02	1.2800e+02	1.4432e+00	-4.0905e-02	0.0000e+00	0.0000e+00
2.1600e+02	1.2800e+02	1.6385e+00	-4.9872e-02	1.0000e+00	0.0000e+00
2.2400e+02	1.2800e+02	1.6732e+00	-5.1246e-02	1.0000e+00	0.0000e+00
2.3200e+02	1.2800e+02	1.7026e+00	-5.3937e-02	1.0000e+00	0.0000e+00
2.4000e+02	1.2800e+02	1.5688e+00	-4.1914e-02	0.0000e+00	0.0000e+00
2.4800e+02	1.2800e+02	1.6079e+00	-5.9256e-02	0.0000e+00	0.0000e+00
8.0000e+00	1.2000e+02	4.1351e-01	7.1818e-02	1.0000e+00	0.0000e+00
1.6000e+01	1.2000e+02	1.3215e-01	7.9041e-02	0.0000e+00	0.0000e+00
2.4000e+01	1.2000e+02	1.8571e-01	9.5127e-02	0.0000e+00	0.0000e+00
3.2000e+01	1.2000e+02	4.1469e-01	6.8336e-02	1.0000e+00	0.0000e+00
4.0000e+01	1.2000e+02	2.2170e-01	9.7257e-02	0.0000e+00	0.0000e+00
4.8000e+01	1.2000e+02	2.3696e-01	4.5827e-02	0.0000e+00	0.0000e+00
5.6000e+01	1.2000e+02	2.7966e-01	5.3543e-02	0.0000e+00	0.0000e+00
6.4000e+01	1.2000e+02	3.2406e-01	5.4466e-02	0.0000e+00	0.0000e+00
7.2000e+01	1.2000e+02	3.1440e-01	5.7431e-02	0.0000e+00	0.0000e+00
8.0000e+01	1.2000e+02	5.2460e-01	2.8948e-02	1.0000e+00	0.0000e+00
8.8000e+01	1.2000e+02	3.5619e-01	4.5737e-02	0.0000e+00	0.0000e+00
9.6000e+01	1.2000e+02	3.8412e-01	4.5494e-02	0.0000e+00	0.0000e+00
1.0400e+02	1.2000e+02	4.2640e-01	2.8509e-02	0.0000e+00	0.0000e+00
1.1200e+02	1.2000e+02	4.7216e-01	1.5310e-02	0.0000e+00	0.0000e+00
1.2000e+02	1.2000e+02	4.6595e-01	1.3078e-02	0.0000e+00	0.0000e+00
1.2800e+02	1.2000e+02	5.0515e-01	2.8072e-02	0.0000e+00	0.0000e+00
1.3600e+02	1.2000e+02	5.4505e-01	4.1530e-02	0.0000e+00	0.0000e+00
1.4400e+02	1.2000e+02	5.5534e-01	3.1350e-02	0.0000e+00	0.0000e+00
1.5200e+02	1.2000e+02	6.1508e-01	1.8448e-02	0.0000e+00	0.0000e+00
1.6000e+02	1.2000e+02	6.2045e-01	2.8236e-02	0.0000e+00	0.0000e+00
1.6800e+02	1.2000e+02	6.5068e-01	2.9936e-02	0.0000e+00	0.0000e+00
1.7600e+02	1.2000e+02	6.6473e-01	8.0316e-03	0.0000e+00	0.0000e+00
1.8400e+02	1.2000e+02	7.0815e-01	-2.9000e-03	0.0000e+00	0.0000e+00
1.9200e+02	1.2000e+02	7.4187e-01	1.1181e-03	0.0000e+00	0.0000e+00
2.0000e+02	1.2000e+02	9.5812e-01	-6.9376e-03	1.0000e+00	0.0000e+00
2.0800e+02	1.2000e+02	8.2993e-01	-5.4643e-03	0.0000e+00	0.0000e+00
2.1600e+02	1.2000e+02	8.3280e-01	-1.7805e-02	0.0000e+00	0.0000e+00
2.2400e+02	1.2000e+02	8.6122e-01	-2.1220e-02	0.0000e+00	0.0000e+00
2.3200e+02	1.2000e+02	8.9902e-01	3.6709e-03	0.0000e+00	0.0000e+00
2.4000e+02	1.2000e+02	9.4208e-01	4.7664e-03	0.0000e+00	0.0000e+00
2.4800e+02	1.2000e+02	9.5263e-01	-1.7072e-02	0.0000e+00	0.0000e+00
8.0000e+00	1.1200e+02	1.3783e-01	9.5348e-02	1.0000e+00	0.0000e+00
1.6000e+01	1.1200e+02	1.3027e-01	9.5464e-02	1.0000e+00	0.0000e+00
2.4000e+01	1.1200e+02	-2.7939e-02	1.2475e-01	0.0000e+00	0.0000e+00
3.2000e+01	1.1200e+02	-3.2883e-02	1.3419e-01	0.0000e+00	0.0000e+00
4.0000e+01	1.1200e+02	-1.8890e-02	1.1634e-01	0.0000e+00	0.0000e+00
4.8000e+01	1.1200e+02	2.4802e-03	8.1494e-02	0.0000e+00	0.0000e+00
5.6000e+01	1.1200e+02	1.3731e-03	4.6466e-02	0.0000e+00	0.0000e+00
6.4000e+01	1.1200e+02	-4.7619e-03	5.5891e-02	0.0000e+00	0.0000e+00
7.2000e+01	1.1200e+02	1.9235e-04	7.1822e-02	0.0000e+00	0.0000e+00
8.0000e+01	1.1200e+02	1.2377e-03	5.1270e-02	0.0000e+00	0.0000e+00
8.8000e+01	1.1200e+02	1.7628e-02	3.9957e-02	0.0000e+00	0.0000e+00
9.6000e+01	1.1200e+02	4.3050e-02	2.8136e-02	0.0000e+00	0.0000e+00
1.0400e+02	1.1200e+02	4.2295e-02	3.4244e-02	0.0000e+00	0.0000e+00
1.1200e+02	1.1200e+02	3.9582e-02	3.0302e-02	0.0000e+00	0.0000e+00
1.2000e+02	1.1200e+02	4.6630e-02	2.2451e-02	0.0000e+00	0.0000e+00
1.2800e+02	1.1200e+02	1.0549e-01	4.5303e-02	0.0000e+00	0.0000e+00
1.3600e+02	1.1200e+02	1.3267e-01	4.1279e-02	0.0000e+00	0.0000e+00
1.4400e+02	1.1200e+02	1.3455e-01	3.6568e-02	0.0000e+00	0.0000e+00
1.5200e+02	1.1200e+02	3.4451e-01	3.7043e-02	1.0000e+00	0.0000e+00
1.6000e+02	1.1200e+02	3.6128e-01	3.7096e-02	1.0000e+00	0.0000e+00
1.6800e+02	1.1200e+02	3.8115e-01	3.7401e-02	1.0000e+00	0.0000e+00
1.7600e+02	1.1200e+02	2.4694e-01	4.9701e-02	0.0000e+00	0.0000e+00
1.8400e+02	1.1200e+02	2.7215e-01	2.5501e-02	0.0000e+00	0.0000e+00
1.9200e+02	1.1200e+02	3.0645e-01	2.2752e-02	0.0000e+00	0.0000e+00
2.0000e+02	1.1200e+02	3.2686e-01	3.4217e-02	0.0000e+00	0.0000e+00
2.0800e+02	1.1200e+02	5.2340e-01	1.6770e-02	1.0000e+00	0.0000e+00
2.1600e+02	1.1200e+02	3.6647e-01	2.1142e-02	0.0000e+00	0.0000e+00
2.2400e+02	1.1200e+02	3.9486e-01	1.6715e-02	0.0000e+00	0.0000e+00
2.3200e+02	1.1200e+02	4.2234e-01	1.5532e-02	0.0000e+00	0.0000e+00
2.4000e+02	1.1200e+02	5.9179e-01	1.1432e-02	1.0000e+00	0.0000e+00
2.4800e+02	1.1200e+02	4.7458e-01	1.8714e-02	0.0000e+00	0.0000e+00
8.0000e+00	1.0400e+02	-1.1168e-01	1.5653e-01	0.0000e+00	0.0000e+00
1.6000e+01	1.0400e+02	-4.5626e-02	9.8603e-02	1.0000e+00	0.0000e+00
2.4000e+01	1.0400e+02	-1.4507e-01	1.2188e-01	0.0000e+00	0.0000e+00
3.2000e+01	1.0400e+02	-1.5691e-01	1.0556e-01	0.0000e+00	0.0000e+00
4.0000e+01	1.0400e+02	-1.6537e-01	9.8688e-02	0.0000e+00	0.0000e+00
4.8000e+01	1.0400e+02	-1.6999e-01	7.5104e-02	0.0000e+00	0.0000e+00
5.6000e+01	1.0400e+02	-1.8166e-01	5.2828e-02	0.0000e+00	0.0000e+00
6.4000e+01	1.0400e+02	-1.9635e-01	4.9121e-02	0.0000e+00	0.0000e+00
7.2000e+01	1.0400e+02	-2.0066e-01	6.2696e-02	0.0000e+00	0.0000e+00
8.0000e+01	1.0400e+02	-2.1412e-01	6.7881e-02	0.0000e+00	0.0000e+00
8.8000e+01	1.0400e+02	-2.1539e-01	6.2851e-02	0.0000e+00	0.0000e+00
9.6000e+01	1.0400e+02	-2.0163e-01	5.0246e-02	0.0000e+00	0.0000e+00
1.0400e+02	1.0400e+02	-2.1116e-01	6.0791e-02	0.0000e+00	0.0000e+00
1.1200e+02	1.0400e+02	-2.2786e-01	5.6164e-02	0.0000e+00	0.0000e+00
1.2000e+02	1.0400e+02	-2.1386e-01	4.4229e-02	0.0000e+00	0.0000e+00
1.2800e+02	1.0400e+02	-1.1979e-01	5.2147e-02	0.0000e+00	0.0000e+00
1.3600e+02	1.0400e+02	-1.2028e-01	4.4931e-02	0.0000e+00	0.0000e+00
1.4400e+02	1.0400e+02	-1.0228e-01	5.0090e-02	0.0000e+00	0.0000e+00
1.5200e+02	1.0400e+02	-8.3578e-02	6.1924e-02	0.0000e+00	0.0000e+00
1.6000e+02	1.0400e+02	-7.5593e-02	5.4274e-02	0.0000e+00	0.0000e+00
1.6800e+02	1.0400e+02	-5.7370e-02	5.9607e-02	0.0000e+00	0.0000e+00
1.7600e+02	1.0400e+02	-4.7595e-02	7.6176e-02	0.0000e+00	0.0000e+00
1.8400e+02	1.0400e+02	-3.1763e-02	7.0004e-02	0.0000e+00	0.0000e+00
1.9200e+02	1.0400e+02	1.0637e-01	4.7643e-02	1.0000e+00	0.0000e+00
2.0000e+02	1.0400e+02	1.2323e-01	4.2224e-02	1.0000e+00	0.0000e+00
2.0800e+02	1.0400e+02	1.4629e-02	5.0240e-02	0.0000e+00	0.0000e+00
2.1600e+02	1.0400e+02	4.4422e-02	4.4505e-02	0.0000e+00	0.0000e+00
2.2400e+02	1.0400e+02	4.9610e-02	4.5223e-02	0.0000e+00	0.0000e+00
2.3200e+02	1.0400e+02	7.3025e-02	3.5194e-02	0.0000e+00	0.0000e+00
2.4000e+02	1.0400e+02	1.0615e-01	4.4649e-02	0.0000e+00	0.0000e+00
2.4800e+02	1.0400e+02	1.2112e-01	4.8985e-02	0.0000e+00	0.0000e+00
8.0000e+00	9.6000e+01	-1.3191e-01	1.2826e-01	0.0000e+00	0.0000e+00
1.6000e+01	9.6000e+01	-1.6599e-01	1.1779e-01	0.0000e+00	0.0000e+00
2.4000e+01	9.6000e+01	-2.0006e-01	9.7102e-02	0.0000e+00	0.0000e+00
3.2000e+01	9.6000e+01	-2.3148e-01	8.5862e-02	0.0000e+00	0.0000e+00
4.0000e+01	9.6000e+01	-2.6052e-01	7.5330e-02	0.0000e+00	0.0000e+00
4.8000e+01	9.6000e+01	-2.7137e-01	5.3888e-02	0.0000e+00	0.0000e+00
5.6000e+01	9.6000e+01	-3.0091e-01	4.4273e-02	0.0000e+00	0.0000e+00
6.4000e+01	9.6000e+01	-3.1539e-01	5.2911e-02	0.0000e+00	0.0000e+00
7.2000e+01	9.6000e+01	-3.3595e-01	5.8371e-02	0.0000e+00	0.0000e+00
8.0000e+01	9.6000e+01	-3.4448e-01	6.4499e-02	0.0000e+00	0.0000e+00
8.8000e+01	9.6000e+01	-3.5474e-01	6.5776e-02	0.0000e+00	0.0000e+00
9.6000e+01	9.6000e+01	-3.4516e-01	6.5579e-02	0.0000e+00	0.0000e+00
1.0400e+02	9.6000e+01	-3.4603e-01	6.0417e-02	0.0000e+00	0.0000e+00
1.1200e+02	9.6000e+01	-3.2924e-01	5.8916e-02	0.0000e+00	0.0000e+00
1.2000e+02	9.6000e+01	-3.0613e-01	7.2798e-02	0.0000e+00	0.0000e+00
1.2800e+02	9.6000e+01	-2.7060e-01	7.2722e-02	0.0000e+00	0.0000e+00
1.3600e+02	9.6000e+01	-1.9114e-01	6.4358e-02	1.0000e+00	0.0000e+00
1.4400e+02	9.6000e+01	-1.6923e-01	6.5114e-02	1.0000e+00	0.0000e+00
1.5200e+02	9.6000e+01	-2.5245e-01	6.6894e-02	0.0000e+00	0.0000e+00
1.6000e+02	9.6000e+01	-2.6350e-01	7.5541e-02	0.0000e+00	0.0000e+00
1.6800e+02	9.6000e+01	-2.4606e-01	8.6054e-02	0.0000e+00	0.0000e+00
1.7600e+02	9.6000e+01	-2.3604e-01	8.5466e-02	0.0000e+00	0.0000e+00
1.8400e+02	9.6000e+01	-2.2284e-01	8.4293e-02	0.0000e+00	0.0000e+00
1.9200e+02	9.6000e+01	-2.2076e-01	7.7540e-02	0.0000e+00	0.0000e+00
2.0000e+02	9.6000e+01	-2.0595e-01	6.5816e-02	0.0000e+00	0.0000e+00
2.0800e+02	9.6000e+01	-2.1316e-01	6.5106e-02	0.0000e+00	0.0000e+00
2.1600e+02	9.6000e+01	-1.8504e-01	6.2066e-02	0.0000e+00	0.0000e+00
2.2400e+02	9.6000e+01	-1.8648e-01	6.1400e-02	0.0000e+00	0.0000e+00
2.3200e+02	9.6000e+01	-8.0620e-02	4.6069e-02	1.0000e+00	0.0000e+00
2.4000e+02	9.6000e+01	-1.6910e-01	6.2673e-02	0.0000e+00	0.0000e+00
2.4800e+02	9.6000e+01	-1.6061e-01	5.7251e-02	0.0000e+00	0.0000e+00
8.0000e+00	8.8000e+01	-1.4524e-01	9.0420e-02	0.0000e+00	0.0000e+00
1.6000e+01	8.8000e+01	-2.0052e-01	7.0350e-02	0.0000e+00	0.0000e+00
2.4000e+01	8.8000e+01	-2.3658e-01	5.9027e-02	0.0000e+00	0.0000e+00
3.2000e+01	8.8000e+01	-2.7288e-01	5.9292e-02	0.0000e+00	0.0000e+00
4.0000e+01	8.8000e+01	-3.0289e-01	4.9614e-02	0.0000e+00	0.0000e+00
4.8000e+01	8.8000e+01	-3.2817e-01	3.0404e-02	0.0000e+00	0.0000e+00
5.6000e+01	8.8000e+01	-3.5056e-01	2.6910e-02	0.0000e+00	0.0000e+00
6.4000e+01	8.8000e+01	-3.8099e-01	3.9799e-02	0.0000e+00	0.0000e+00
7.2000e+01	8.8000e+01	-3.9148e-01	3.7504e-02	0.0000e+00	0.0000e+00
8.0000e+01	8.8000e+01	-3.3189e-01	5.2916e-02	1.0000e+00	0.0000e+00
8.8000e+01	8.8000e+01	-3.9763e-01	6.5231e-02	0.0000e+00	0.0000e+00
9.6000e+01	8.8000e+01	-3.9735e-01	7.5602e-02	0.0000e+00	0.0000e+00
1.0400e+02	8.8000e+01	-3.3486e-01	7.1098e-02	1.0000e+00	0.0000e+00
1.1200e+02	8.8000e+01	-3.9343e-01	7.4555e-02	0.0000e+00	0.0000e+00
1.2000e+02	8.8000e+01	-3.6978e-01	8.6022e-02	0.0000e+00	0.0000e+00
1.2800e+02	8.8000e+01	-3.7356e-01	8.4352e-02	0.0000e+00	0.0000e+00
1.3600e+02	8.8000e+01	-3.6584e-01	7.9573e-02	0.0000e+00	0.0000e+00
1.4400e+02	8.8000e+01	-3.4281e-01	7.5116e-02	0.0000e+00	0.0000e+00
1.5200e+02	8.8000e+01	-3.4695e-01	7.0945e-02	0.0000e+00	0.0000e+00
1.6000e+02	8.8000e+01	-3.4744e-01	9.1490e-02	0.0000e+00	0.0000e+00
1.6800e+02	8.8000e+01	-3.5255e-01	9.7100e-02	0.0000e+00	0.0000e+00
1.7600e+02	8.8000e+01	-3.4290e-01	8.5270e-02	0.0000e+00	0.0000e+00
1.8400e+02	8.8000e+01	-3.4321e-01	7.1709e-02	0.0000e+00	0.0000e+00
1.9200e+02	8.8000e+01	-3.5061e-01	7.4770e-02	0.0000e+00	0.0000e+00
2.0000e+02	8.8000e+01	-3.4471e-01	7.3635e-02	0.0000e+00	0.0000e+00
2.0800e+02	8.8000e+01	-3.4730e-01	6.3697e-02	0.0000e+00	0.0000e+00
2.1600e+02	8.8000e+01	-3.5188e-01	5.9246e-02	0.0000e+00	0.0000e+00
2.2400e+02	8.8000e+01	-3.5115e-01	6.4272e-02	0.0000e+00	0.0000e+00
2.3200e+02	8.8000e+01	-3.5343e-01	6.1380e-02	0.0000e+00	0.0000e+00
2.4000e+02	8.8000e+01	-2.5333e-01	5.2047e-02	1.0000e+00	0.0000e+00
2.4800e+02	8.8000e+01	-3.5133e-01	4.9414e-02	0.0000e+00	0.0000e+00
8.0000e+00	8.0000e+01	-1.4348e-01	4.2121e-02	0.0000e+00	0.0000e+00
1.6000e+01	8.0000e+01	-1.9378e-01	3.2917e-02	0.0000e+00	0.0000e+00
2.4000e+01	8.0000e+01	-2.3174e-01	2.0638e-02	0.0000e+00	0.0000e+00
3.2000e+01	8.0000e+01	-2.7142e-01	1.0209e-02	0.0000e+00	0.0000e+00
4.0000e+01	8.0000e+01	-3.0508e-01	1.1315e-02	0.0000e+00	0.0000e+00
4.8000e+01	8.0000e+01	-3.4125e-01	7.0214e-03	0.0000e+00	0.0000e+00
5.6000e+01	8.0000e+01	-3.5893e-01	1.2313e-02	0.0000e+00	0.0000e+00
6.4000e+01	8.0000e+01	-3.7649e-01	1.9264e-02	0.0000e+00	0.0000e+00
7.2000e+01	8.0000e+01	-3.8823e-01	3.3467e-02	0.0000e+00	0.0000e+00
8.0000e+01	8.0000e+01	-3.9602e-01	4.4173e-02	0.0000e+00	0.0000e+00
8.8000e+01	8.0000e+01	-3.9159e-01	5.4477e-02	0.0000e+00	0.0000e+00
9.6000e+01	8.0000e+01	-3.9463e-01	7.4225e-02	0.0000e+00	0.0000e+00
1.0400e+02	8.0000e+01	-3.9517e-01	8.2236e-02	0.0000e+00	0.0000e+00
1.1200e+02	8.0000e+01	-3.9170e-01	8.6129e-02	0.0000e+00	0.0000e+00
1.2000e+02	8.0000e+01	-3.8094e-01	9.0344e-02	0.0000e+00	0.0000e+00
1.2800e+02	8.0000e+01	-3.8106e-01	9.3343e-02	0.0000e+00	0.0000e+00
1.3600e+02	8.0000e+01	-3.7682e-01	8.6278e-02	0.0000e+00	0.0000e+00
1.4400e+02	8.0000e+01	-3.8064e-01	8.8290e-02	0.0000e+00	0.0000e+00
1.5200e+02	8.0000e+01	-3.7145e-01	7.5759e-02	0.0000e+00	0.0000e+00
1.6000e+02	8.0000e+01	-3.7510e-01	7.7625e-02	0.0000e+00	0.0000e+00
1.6800e+02	8.0000e+01	-3.8707e-01	8.1968e-02	0.0000e+00	0.0000e+00
1.7600e+02	8.0000e+01	-3.3604e-01	6.8550e-02	1.0000e+00	0.0000e+00
1.8400e+02	8.0000e+01	-3.4103e-01	6.4983e-02	1.0000e+00	0.0000e+00
1.9200e+02	8.0000e+01	-3.4556e-01	6.0322e-02	1.0000e+00	0.0000e+00
2.0000e+02	8.0000e+01	-4.1658e-01	6.4155e-02	0.0000e+00	0.0000e+00
2.0800e+02	8.0000e+01	-4.1658e-01	6.9973e-02	0.0000e+00	0.0000e+00
2.1600e+02	8.0000e+01	-4.2348e-01	5.0289e-02	0.0000e+00	0.0000e+00
2.2400e+02	8.0000e+01	-4.3019e-01	4.8234e-02	0.0000e+00	0.0000e+00
2.3200e+02	8.0000e+01	-4.5563e-01	6.3503e-02	0.0000e+00	0.0000e+00
2.4000e+02	8.0000e+01	-3.5496e-01	4.9817e-02	1.0000e+00	0.0000e+00
2.4800e+02	8.0000e+01	-4.4349e-01	5.1506e-02	0.0000e+00	0.0000e+00
8.0000e+00	7.2000e+01	-1.3400e-01	-2.0501e-03	0.0000e+00	0.0000e+00
1.6000e+01	7.2000e+01	-1.6646e-01	-6.3131e-03	0.0000e+00	0.0000e+00
2.4000e+01	7.2000e+01	-1.9224e-01	-8.8566e-03	1.0000e+00	0.0000e+00
3.2000e+01	7.2000e+01	-2.4766e-01	-2.6590e-02	0.0000e+00	0.0000e+00
4.0000e+01	7.2000e+01	-2.6723e-01	-3.0947e-02	0.0000e+00	0.0000e+00
4.8000e+01	7.2000e+01	-3.1654e-01	-1.4221e-02	0.0000e+00	0.0000e+00
5.6000e+01	7.2000e+01	-3.3474e-01	-3.9187e-04	0.0000e+00	0.0000e+00
6.4000e+01	7.2000e+01	-3.0694e-01	1.7006e-02	1.0000e+00	0.0000e+00
7.2000e+01	7.2000e+01	-3.4650e-01	3.2870e-02	0.0000e+00	0.0000e+00
8.0000e+01	7.2000e+01	-3.5154e-01	4.5459e-02	0.0000e+00	0.0000e+00
8.8000e+01	7.2000e+01	-3.5995e-01	5.1366e-02	0.0000e+00	0.0000e+00
9.6000e+01	7.2000e+01	-3.5622e-01	7.7259e-02	0.0000e+00	0.0000e+00
1.0400e+02	7.2000e+01	-3.6181e-01	9.6796e-02	0.0000e+00	0.0000e+00
1.1200e+02	7.2000e+01	-3.5440e-01	9.9193e-02	0.0000e+00	0.0000e+00
1.2000e+02	7.2000e+01	-3.4081e-01	9.5153e-02	0.0000e+00	0.0000e+00
1.2800e+02	7.2000e+01	-3.4179e-01	9.1536e-02	0.0000e+00	0.0000e+00
1.3600e+02	7.2000e+01	-3.4750e-01	8.6384e-02	0.0000e+00	0.0000e+00
1.4400e+02	7.2000e+01	-3.4421e-01	8.2509e-02	0.0000e+00	0.0000e+00
1.5200e+02	7.2000e+01	-3.4292e-01	7.2538e-02	0.0000e+00	0.0000e+00
1.6000e+02	7.2000e+01	-3.5271e-01	6.1512e-02	0.0000e+00	0.0000e+00
1.6800e+02	7.2000e+01	-3.7305e-01	5.8975e-02	0.0000e+00	0.0000e+00
1.7600e+02	7.2000e+01	-3.7770e-01	5.8471e-02	0.0000e+00	0.0000e+00
1.8400e+02	7.2000e+01	-3.9378e-01	6.0658e-02	0.0000e+00	0.0000e+00
1.9200e+02	7.2000e+01	-3.9848e-01	5.6012e-02	0.0000e+00	0.0000e+00
2.0000e+02	7.2000e+01	-4.2136e-01	4.7260e-02	0.0000e+00	0.0000e+00
2.0800e+02	7.2000e+01	-4.4092e-01	4.6231e-02	0.0000e+00	0.0000e+00
2.1600e+02	7.2000e+01	-4.3336e-01	3.2410e-02	0.0000e+00	0.0000e+00
2.2400e+02	7.2000e+01	-4.4748e-01	4.1921e-02	0.0000e+00	0.0000e+00
2.3200e+02	7.2000e+01	-4.7483e-01	6.5732e-02	0.0000e+00	0.0000e+00
2.4000e+02	7.2000e+01	-4.0189e-01	4.2562e-02	1.0000e+00	0.0000e+00
2.4800e+02	7.2000e+01	-4.7491e-01	4.4065e-02	0.0000e+00	0.0000e+00
8.0000e+00	6.4000e+01	-1.1279e-01	-4.4322e-02	0.0000e+00	0.0000e+00
1.6000e+01	6.4000e+01	-1.3552e-01	-4.5250e-02	0.0000e+00	0.0000e+00
2.4000e+01	6.4000e+01	-1.7747e-01	-4.5607e-02	0.0000e+00	0.0000e+00
3.2000e+01	6.4000e+01	-1.8959e-01	-3.9089e-02	1.0000e+00	0.0000e+00
4.0000e+01	6.4000e+01	-2.1374e-01	-3.3586e-02	1.0000e+00	0.0000e+00
4.8000e+01	6.4000e+01	-2.5744e-01	-2.7512e-02	0.0000e+00	0.0000e+00
5.6000e+01	6.4000e+01	-2.7809e-01	-1.2332e-02	0.0000e+00	0.0000e+00
6.4000e+01	6.4000e+01	-2.7684e-01	4.7701e-03	0.0000e+00	0.0000e+00
7.2000e+01	6.4000e+01	-2.9340e-01	3.3003e-02	0.0000e+00	0.0000e+00
8.0000e+01	6.4000e+01	-2.8582e-01	4.8498e-02	0.0000e+00	0.0000e+00
8.8000e+01	6.4000e+01	-2.9550e-01	5.7212e-02	0.0000e+00	0.0000e+00
9.6000e+01	6.4000e+01	-2.9517e-01	8.0749e-02	0.0000e+00	0.0000e+00
1.0400e+02	6.4000e+01	-2.9452e-01	8.8943e-02	0.0000e+00	0.0000e+00
1.1200e+02	6.4000e+01	-2.9603e-01	8.9336e-02	0.0000e+00	0.0000e+00
1.2000e+02	6.4000e+01	-2.8276e-01	9.9390e-02	0.0000e+00	0.0000e+00
1.2800e+02	6.4000e+01	-2.8352e-01	9.5763e-02	0.0000e+00	0.0000e+00
1.3600e+02	6.4000e+01	-2.8033e-01	8.5454e-02	0.0000e+00	0.0000e+00
1.4400e+02	6.4000e+01	-2.8719e-01	7.4684e-02	0.0000e+00	0.0000e+00
1.5200e+02	6.4000e+01	-2.9554e-01	6.6282e-02	0.0000e+00	0.0000e+00
1.6000e+02	6.4000e+01	-3.0651e-01	6.0389e-02	0.0000e+00	0.0000e+00
1.6800e+02	6.4000e+01	-3.5610e-01	5.4790e-02	0.0000e+00	0.0000e+00
1.7600e+02	6.4000e+01	-4.1103e-01	3.7014e-02	0.0000e+00	0.0000e+00
1.8400e+02	6.4000e+01	-3.4798e-01	4.1462e-02	0.0000e+00	0.0000e+00
1.9200e+02	6.4000e+01	-3.7282e-01	4.1791e-02	0.0000e+00	0.0000e+00
2.0000e+02	6.4000e+01	-3.8154e-01	2.6522e-02	0.0000e+00	0.0000e+00
2.0800e+02	6.4000e+01	-4.1002e-01	1.7335e-02	0.0000e+00	0.0000e+00
2.1600e+02	6.4000e+01	-4.1053e-01	1.4415e-02	0.0000e+00	0.0000e+00
2.2400e+02	6.4000e+01	-4.2337e-01	2.9699e-02	0.0000e+00	0.0000e+00
2.3200e+02	6.4000e+01	-3.9391e-01	2.9245e-02	1.0000e+00	0.0000e+00
2.4000e+02	6.4000e+01	-3.9768e-01	3.2557e-02	1.0000e+00	0.0000e+00
2.4800e+02	6.4000e+01	-4.6704e-01	4.1249e-02	0.0000e+00	0.0000e+00
8.0000e+00	5.6000e+01	-7.9272e-02	-7.8408e-02	0.0000e+00	0.0000e+00
1.6000e+01	5.6000e+01	-1.1061e-01	-8.2831e-02	0.0000e+00	0.0000e+00
2.4000e+01	5.6000e+01	-1.3654e-01	-8.2400e-02	0.0000e+00	0.0000e+00
3.2000e+01	5.6000e+01	-1.5634e-01	-7.8542e-02	0.0000e+00	0.0000e+00
4.0000e+01	5.6000e+01	-1.7999e-01	-6.2801e-02	0.0000e+00	0.0000e+00
4.8000e+01	5.6000e+01	-1.7437e-01	-3.8240e-02	1.0000e+00	0.0000e+00
5.6000e+01	5.6000e+01	-1.9750e-01	-3.0457e-02	0.0000e+00	0.0000e+00
6.4000e+01	5.6000e+01	-1.9376e-01	-4.2371e-03	0.0000e+00	0.0000e+00
7.2000e+01	5.6000e+01	-2.1190e-01	2.6185e-02	0.0000e+00	0.0000e+00
8.0000e+01	5.6000e+01	-2.0729e-01	4.1262e-02	0.0000e+00	0.0000e+00
8.8000e+01	5.6000e+01	-2.1577e-01	5.6994e-02	0.0000e+00	0.0000e+00
9.6000e+01	5.6000e+01	-2.1470e-01	8.0271e-02	0.0000e+00	0.0000e+00
1.0400e+02	5.6000e+01	-2.1079e-01	8.5431e-02	0.0000e+00	0.0000e+00
1.1200e+02	5.6000e+01	-2.2135e-01	1.0045e-01	0.0000e+00	0.0000e+00
1.2000e+02	5.6000e+01	-2.2340e-01	1.0830e-01	0.0000e+00	0.0000e+00
1.2800e+02	5.6000e+01	-2.0320e-01	9.6322e-02	0.0000e+00	0.0000e+00
1.3600e+02	5.6000e+01	-2.0508e-01	7.9707e-02	0.0000e+00	0.0000e+00
1.4400e+02	5.6000e+01	-2.1879e-01	7.3605e-02	0.0000e+00	0.0000e+00
1.5200e+02	5.6000e+01	-2.3155e-01	6.3248e-02	0.0000e+00	0.0000e+00
1.6000e+02	5.6000e+01	-2.3937e-01	5.4043e-02	0.0000e+00	0.0000e+00
1.6800e+02	5.6000e+01	-2.7102e-01	3.9594e-02	0.0000e+00	0.0000e+00
1.7600e+02	5.6000e+01	-3.0578e-01	-3.3620e-02	0.0000e+00	0.0000e+00
1.8400e+02	5.6000e+01	-2.7087e-01	-4.5185e-02	0.0000e+00	0.0000e+00
1.9200e+02	5.6000e+01	-3.1374e-01	2.3192e-02	0.0000e+00	0.0000e+00
2.0000e+02	5.6000e+01	-3.2318e-01	1.2821e-02	0.0000e+00	0.0000e+00
2.0800e+02	5.6000e+01	-3.4006e-01	-7.6615e-03	0.0000e+00	0.0000e+00
2.1600e+02	5.6000e+01	-3.5619e-01	-5.0916e-03	0.0000e+00	0.0000e+00
2.2400e+02	5.6000e+01	-3.6376e-01	1.7502e-02	0.0000e+00	0.0000e+00
2.3200e+02	5.6000e+01	-3.7299e-01	1.4102e-02	0.0000e+00	0.0000e+00
2.4000e+02	5.6000e+01	-3.9022e-01	1.9345e-02	0.0000e+00	0.0000e+00
2.4800e+02	5.6000e+01	-4.1392e-01	3.2030e-02	0.0000e+00	0.0000e+00
8.0000e+00	4.8000e+01	-5.2240e-02	-9.5173e-02	0.0000e+00	0.0000e+00
1.6000e+01	4.8000e+01	-7.4794e-02	-1.0099e-01	0.0000e+00	0.0000e+00
2.4000e+01	4.8000e+01	-8.4204e-02	-9.9195e-02	0.0000e+00	0.0000e+00
3.2000e+01	4.8000e+01	-9.9759e-02	-9.1678e-02	0.0000e+00	0.0000e+00
4.0000e+01	4.8000e+01	-1.0619e-01	-8.1474e-02	0.0000e+00	0.0000e+00
4.8000e+01	4.8000e+01	-1.1558e-01	-6.0839e-02	0.0000e+00	0.0000e+00
5.6000e+01	4.8000e+01	-1.1575e-01	-3.4036e-02	0.0000e+00	0.0000e+00
6.4000e+01	4.8000e+01	-1.1997e-01	-7.3194e-03	0.0000e+00	0.0000e+00
7.2000e+01	4.8000e+01	-1.2541e-01	1.8793e-02	0.0000e+00	0.0000e+00
8.0000e+01	4.8000e+01	-1.2482e-01	4.6499e-02	0.0000e+00	0.0000e+00
8.8000e+01	4.8000e+01	-1.2347e-01	6.4971e-02	0.0000e+00	0.0000e+00
9.6000e+01	4.8000e+01	-1.2484e-01	7.8681e-02	0.0000e+00	0.0000e+00
1.0400e+02	4.8000e+01	-1.3351e-01	8.7461e-02	0.0000e+00	0.0000e+00
1.1200e+02	4.8000e+01	-1.4020e-01	9.4702e-02	0.0000e+00	0.0000e+00
1.2000e+02	4.8000e+01	-1.3982e-01	9.5072e-02	0.0000e+00	0.0000e+00
1.2800e+02	4.8000e+01	-1.1202e-01	7.8272e-02	0.0000e+00	0.0000e+00
1.3600e+02	4.8000e+01	-1.3519e-01	7.7276e-02	0.0000e+00	0.0000e+00
1.4400e+02	4.8000e+01	-1.4350e-01	6.5768e-02	0.0000e+00	0.0000e+00
1.5200e+02	4.8000e+01	-1.4867e-01	5.3271e-02	0.0000e+00	0.0000e+00
1.6000e+02	4.8000e+01	-1.5974e-01	4.5436e-02	0.0000e+00	0.0000e+00
1.6800e+02	4.8000e+01	-1.7591e-01	3.1340e-02	0.0000e+00	0.0000e+00
1.7600e+02	4.8000e+01	-1.9536e-01	1.6312e-02	0.0000e+00	0.0000e+00
1.8400e+02	4.8000e+01	-2.0157e-01	1.6058e-02	0.0000e+00	0.0000e+00
1.9200e+02	4.8000e+01	-2.1940e-01	1.3849e-02	0.0000e+00	0.0000e+00
2.0000e+02	4.8000e+01	-2.3473e-01	-5.3960e-03	0.0000e+00	0.0000e+00
2.0800e+02	4.8000e+01	-2.4525e-01	-1.5612e-02	0.0000e+00	0.0000e+00
2.1600e+02	4.8000e+01	-2.7047e-01	-1.2044e-02	0.0000e+00	0.0000e+00
2.2400e+02	4.8000e+01	-2.8328e-01	1.3310e-03	0.0000e+00	0.0000e+00
2.3200e+02	4.8000e+01	-2.9019e-01	5.7603e-03	0.0000e+00	0.0000e+00
2.4000e+02	4.8000e+01	-3.0896e-01	5.9680e-03	0.0000e+00	0.0000e+00
2.4800e+02	4.8000e+01	-3.3615e-01	1.4746e-02	0.0000e+00	0.0000e+00
8.0000e+00	4.0000e+01	-1.3052e-02	-1.1233e-01	0.0000e+00	0.0000e+00
1.6000e+01	4.0000e+01	-2.4765e-02	-1.1290e-01	0.0000e+00	0.0000e+00
2.4000e+01	4.0000e+01	-3.2277e-02	-9.3455e-02	1.0000e+00	0.0000e+00
3.2000e+01	4.0000e+01	-3.9217e-02	-9.6474e-02	0.0000e+00	0.0000e+00
4.0000e+01	4.0000e+01	-3.4809e-02	-8.9578e-02	0.0000e+00	0.0000e+00
4.8000e+01	4.0000e+01	-4.3470e-02	-6.4140e-02	0.0000e+00	0.0000e+00
5.6000e+01	4.0000e+01	-4.5902e-02	-3.6649e-02	0.0000e+00	0.0000e+00
6.4000e+01	4.0000e+01	-4.7751e-02	-1.2706e-02	0.0000e+00	0.0000e+00
7.2000e+01	4.0000e+01	-4.0859e-02	1.9690e-02	0.0000e+00	0.0000e+00
8.0000e+01	4.0000e+01	-4.5902e-02	3.9855e-02	1.0000e+00	0.0000e+00
8.8000e+01	4.0000e+01	-6.2861e-03	8.1836e-02	0.0000e+00	0.0000e+00
9.6000e+01	4.0000e+01	-4.2420e-02	8.2406e-02	0.0000e+00	0.0000e+00
1.0400e+02	4.0000e+01	-4.9767e-02	9.7246e-02	0.0000e+00	0.0000e+00
1.1200e+02	4.0000e+01	-4.6912e-02	1.0017e-01	0.0000e+00	0.0000e+00
1.2000e+02	4.0000e+01	1.1426e-02	8.6744e-02	0.0000e+00	0.0000e+00
1.2800e+02	4.0000e+01	4.1852e-02	6.6068e-02	0.0000e+00	0.0000e+00
1.3600e+02	4.0000e+01	-6.2156e-02	7.6270e-02	0.0000e+00	0.0000e+00
1.4400e+02	4.0000e+01	-7.5849e-02	6.1600e-02	0.0000e+00	0.0000e+00
1.5200e+02	4.0000e+01	-8.2518e-02	4.9774e-02	0.0000e+00	0.0000e+00
1.6000e+02	4.0000e+01	-9.4308e-02	3.5478e-02	0.0000e+00	0.0000e+00
1.6800e+02	4.0000e+01	-1.0394e-01	2.0028e-02	0.0000e+00	0.0000e+00
1.7600e+02	4.0000e+01	-1.1840e-01	9.0685e-03	0.0000e+00	0.0000e+00
1.8400e+02	4.0000e+01	-1.2859e-01	9.8960e-03	0.0000e+00	0.0000e+00
1.9200e+02	4.0000e+01	-1.3638e-01	-4.0771e-04	0.0000e+00	0.0000e+00
2.0000e+02	4.0000e+01	-1.4756e-01	-1.1448e-02	0.0000e+00	0.0000e+00
2.0800e+02	4.0000e+01	-1.5928e-01	-1.4512e-02	0.0000e+00	0.0000e+00
2.1600e+02	4.0000e+01	-1.7583e-01	-1.7818e-02	0.0000e+00	0.0000e+00
2.2400e+02	4.0000e+01	-1.8146e-01	-1.8736e-02	0.0000e+00	0.0000e+00
2.3200e+02	4.0000e+01	-2.0097e-01	-6.3773e-03	1.0000e+00	0.0000e+00
2.4000e+02	4.0000e+01	-2.0579e-01	-5.1835e-03	0.0000e+00	0.0000e+00
2.4800e+02	4.0000e+01	-2.3044e-01	2.3249e-03	0.0000e+00	0.0000e+00
8.0000e+00	3.2000e+01	2.1032e-02	-1.0607e-01	0.0000e+00	0.0000e+00
1.6000e+01	3.2000e+01	1.6362e-02	-1.0757e-01	0.0000e+00	0.0000e+00
2.4000e+01	3.2000e+01	1.2096e-02	-1.0693e-01	0.0000e+00	0.0000e+00
3.2000e+01	3.2000e+01	2.6322e-02	-9.8751e-02	0.0000e+00	0.0000e+00
4.0000e+01	3.2000e+01	2.4429e-02	-8.4417e-02	0.0000e+00	0.0000e+00
4.8000e+01	3.2000e+01	2.7348e-02	-5.7762e-02	0.0000e+00	0.0000e+00
5.6000e+01	3.2000e+01	3.0409e-02	-3.1472e-02	0.0000e+00	0.0000e+00
6.4000e+01	3.2000e+01	2.9715e-02	-6.9118e-03	0.0000e+00	0.0000e+00
7.2000e+01	3.2000e+01	2.8303e-02	1.7322e-02	1.0000e+00	0.0000e+00
8.0000e+01	3.2000e+01	6.9253e-02	5.5869e-02	0.0000e+00	0.0000e+00
8.8000e+01	3.2000e+01	6.8741e-02	6.4305e-02	0.0000e+00	0.0000e+00
9.6000e+01	3.2000e+01	3.0526e-02	7.0526e-02	0.0000e+00	0.0000e+00
1.0400e+02	3.2000e+01	2.7960e-02	8.9034e-02	0.0000e+00	0.0000e+00
1.1200e+02	3.2000e+01	2.3749e-02	7.7186e-02	0.0000e+00	0.0000e+00
1.2000e+02	3.2000e+01	7.8544e-02	6.3187e-02	0.0000e+00	0.0000e+00
1.2800e+02	3.2000e+01	5.5142e-02	6.0709e-02	0.0000e+00	0.0000e+00
1.3600e+02	3.2000e+01	-3.4451e-03	6.8822e-02	0.0000e+00	0.0000e+00
1.4400e+02	3.2000e+01	-1.2160e-02	5.6857e-02	0.0000e+00	0.0000e+00
1.5200e+02	3.2000e+01	-2.4146e-02	4.0132e-02	0.0000e+00	0.0000e+00
1.6000e+02	3.2000e+01	-3.5243e-02	2.6446e-02	0.0000e+00	0.0000e+00
1.6800e+02	3.2000e+01	-4.5515e-02	1.4026e-02	0.0000e+00	0.0000e+00
1.7600e+02	3.2000e+01	-5.3366e-02	-6.7653e-04	0.0000e+00	0.0000e+00
1.8400e+02	3.2000e+01	-5.6434e-02	-8.2095e-03	0.0000e+00	0.0000e+00
1.9200e+02	3.2000e+01	-6.4540e-02	-1.1900e-02	0.0000e+00	0.0000e+00
2.0000e+02	3.2000e+01	-7.0815e-02	-1.7009e-02	0.0000e+00	0.0000e+00
2.0800e+02	3.2000e+01	-7.9693e-02	-2.2385e-02	0.0000e+00	0.0000e+00
2.1600e+02	3.2000e+01	-9.2406e-02	-2.3852e-02	0.0000e+00	0.0000e+00
2.2400e+02	3.2000e+01	-9.4719e-02	-2.6669e-02	0.0000e+00	0.0000e+00
2.3200e+02	3.2000e+01	-1.0066e-01	-2.2194e-02	0.0000e+00	0.0000e+00
2.4000e+02	3.2000e+01	-1.0769e-01	-1.7139e-02	0.0000e+00	0.0000e+00
2.4800e+02	3.2000e+01	-1.1553e-01	-1.0137e-02	0.0000e+00	0.0000e+00
8.0000e+00	2.4000e+01	3.9403e-02	-9.8307e-02	0.0000e+00	0.0000e+00
1.6000e+01	2.4000e+01	5.1613e-02	-1.0216e-01	0.0000e+00	0.0000e+00
2.4000e+01	2.4000e+01	6.3016e-02	-1.0282e-01	0.0000e+00	0.0000e+00
3.2000e+01	2.4000e+01	7.9134e-02	-9.3290e-02	0.0000e+00	0.0000e+00
4.0000e+01	2.4000e+01	8.3723e-02	-7.7817e-02	0.0000e+00	0.0000e+00
4.8000e+01	2.4000e+01	9.3762e-02	-6.0503e-02	0.0000e+00	0.0000e+00
5.6000e+01	2.4000e+01	1.0294e-01	-3.4919e-02	0.0000e+00	0.0000e+00
6.4000e+01	2.4000e+01	8.0735e-02	-7.0140e-03	1.0000e+00	0.0000e+00
7.2000e+01	2.4000e+01	1.0158e-01	1.9447e-02	0.0000e+00	0.0000e+00
8.0000e+01	2.4000e+01	1.0649e-01	4.6260e-02	0.0000e+00	0.0000e+00
8.8000e+01	2.4000e+01	1.1210e-01	6.1298e-02	0.0000e+00	0.0000e+00
9.6000e+01	2.4000e+01	7.2887e-02	6.1762e-02	1.0000e+00	0.0000e+00
1.0400e+02	2.4000e+01	6.8971e-02	6.6968e-02	1.0000e+00	0.0000e+00
1.1200e+02	2.4000e+01	9.0072e-02	5.4944e-02	0.0000e+00	0.0000e+00
1.2000e+02	2.4000e+01	9.1305e-02	6.6545e-02	0.0000e+00	0.0000e+00
1.2800e+02	2.4000e+01	4.1502e-02	6.6964e-02	1.0000e+00	0.0000e+00
1.3600e+02	2.4000e+01	4.2807e-02	5.7753e-02	0.0000e+00	0.0000e+00
1.4400e+02	2.4000e+01	2.7789e-02	4.9493e-02	0.0000e+00	0.0000e+00
1.5200e+02	2.4000e+01	1.4474e-02	3.4760e-02	0.0000e+00	0.0000e+00
1.6000e+02	2.4000e+01	9.8130e-03	2.1101e-02	0.0000e+00	0.0000e+00
1.6800e+02	2.4000e+01	-2.5177e-03	7.6419e-03	0.0000e+00	0.0000e+00
1.7600e+02	2.4000e+01	-2.5693e-02	6.0057e-04	1.0000e+00	0.0000e+00
1.8400e+02	2.4000e+01	-3.6840e-03	-1.6772e-02	0.0000e+00	0.0000e+00
1.9200e+02	2.4000e+01	-9.0092e-03	-2.3907e-02	0.0000e+00	0.0000e+00
2.0000e+02	2.4000e+01	-1.0768e-02	-2.4107e-02	0.0000e+00	0.0000e+00
2.0800e+02	2.4000e+01	-1.0561e-02	-2.4077e-02	0.0000e+00	0.0000e+00
2.1600e+02	2.4000e+01	-2.0724e-02	-2.1221e-02	0.0000e+00	0.0000e+00
2.2400e+02	2.4000e+01	-2.2640e-02	-2.4924e-02	0.0000e+00	0.0000e+00
2.3200e+02	2.4000e+01	-2.2174e-02	-2.5856e-02	0.0000e+00	0.0000e+00
2.4000e+02	2.4000e+01	-2.8151e-02	-2.3330e-02	0.0000e+00	0.0000e+00
2.4800e+02	2.4000e+01	-3.8848e-02	-1.1971e-02	0.0000e+00	0.0000e+00
8.0000e+00	1.6000e+01	5.7338e-02	-9.1468e-02	0.0000e+00	0.0000e+00
1.6000e+01	1.6000e+01	7.8382e-02	-9.7228e-02	0.0000e+00	0.0000e+00
2.4000e+01	1.6000e+01	8.4926e-02	-9.7851e-02	0.0000e+00	0.0000e+00
3.2000e+01	1.6000e+01	1.0687e-01	-8.5768e-02	0.0000e+00	0.0000e+00
4.0000e+01	1.6000e+01	1.1974e-01	-6.4372e-02	0.0000e+00	0.0000e+00
4.8000e+01	1.6000e+01	1.4295e-01	-4.2494e-02	0.0000e+00	0.0000e+00
5.6000e+01	1.6000e+01	1.4699e-01	-2.9602e-02	0.0000e+00	0.0000e+00
6.4000e+01	1.6000e+01	1.6059e-01	-8.5842e-03	0.0000e+00	0.0000e+00
7.2000e+01	1.6000e+01	1.5189e-01	2.0246e-02	0.0000e+00	0.0000e+00
8.0000e+01	1.6000e+01	1.6231e-01	3.7681e-02	0.0000e+00	0.0000e+00
8.8000e+01	1.6000e+01	1.5709e-01	4.9013e-02	0.0000e+00	0.0000e+00
9.6000e+01	1.6000e+01	1.0143e-01	5.7014e-02	1.0000e+00	0.0000e+00
1.0400e+02	1.6000e+01	9.2912e-02	6.1289e-02	1.0000e+00	0.0000e+00
1.1200e+02	1.6000e+01	1.0730e-01	7.1146e-02	0.0000e+00	0.0000e+00
1.2000e+02	1.6000e+01	6.9688e-02	6.5335e-02	1.0000e+00	0.0000e+00
1.2800e+02	1.6000e+01	8.3438e-02	6.2603e-02	0.0000e+00	0.0000e+00
1.3600e+02	1.6000e+01	5.7982e-02	8.0817e-02	0.0000e+00	0.0000e+00
1.4400e+02	1.6000e+01	3.7230e-02	9.3050e-02	0.0000e+00	0.0000e+00
1.5200e+02	1.6000e+01	3.7679e-02	2.6034e-02	0.0000e+00	0.0000e+00
1.6000e+02	1.6000e+01	3.5593e-02	1.2660e-02	0.0000e+00	0.0000e+00
1.6800e+02	1.6000e+01	1.7428e-03	6.6793e-03	1.0000e+00	0.0000e+00
1.7600e+02	1.6000e+01	-3.0346e-03	-2.9524e-03	1.0000e+00	0.0000e+00
1.8400e+02	1.6000e+01	2.6984e-02	-2.1398e-02	0.0000e+00	0.0000e+00
1.9200e+02	1.6000e+01	2.8390e-02	-2.3101e-02	0.0000e+00	0.0000e+00
2.0000e+02	1.6000e+01	2.5533e-02	-2.0977e-02	0.0000e+00	0.0000e+00
2.0800e+02	1.6000e+01	2.7225e-02	-1.7400e-02	0.0000e+00	0.0000e+00
2.1600e+02	1.6000e+01	2.5187e-02	-1.7959e-02	0.0000e+00	0.0000e+00
2.2400e+02	1.6000e+01	9.0675e-03	-2.8600e-02	0.0000e+00	0.0000e+00
2.3200e+02	1.6000e+01	3.2730e-02	-2.2103e-02	0.0000e+00	0.0000e+00
2.4000e+02	1.6000e+01	4.7703e-02	-1.6774e-02	0.0000e+00	0.0000e+00
2.4800e+02	1.6000e+01	3.3297e-02	-1.5351e-02	0.0000e+00	0.0000e+00
8.0000e+00	8.0000e+00	6.6959e-02	-9.4847e-02	1.0000e+00	0.0000e+00
1.6000e+01	8.0000e+00	7.3882e-02	-8.5172e-02	0.0000e+00	0.0000e+00
2.4000e+01	8.0000e+00	8.7113e-02	-8.3761e-02	0.0000e+00	0.0000e+00
3.2000e+01	8.0000e+00	1.1836e-01	-7.4656e-02	0.0000e+00	0.0000e+00
4.0000e+01	8.0000e+00	1.3056e-01	-5.5906e-02	0.0000e+00	0.0000e+00
4.8000e+01	8.0000e+00	1.5403e-01	-3.6196e-02	0.0000e+00	0.0000e+00
5.6000e+01	8.0000e+00	1.5096e-01	-2.4510e-02	0.0000e+00	0.0000e+00
6.4000e+01	8.0000e+00	1.7031e-01	-9.5555e-03	0.0000e+00	0.0000e+00
7.2000e+01	8.0000e+00	1.6533e-01	1.0408e-02	0.0000e+00	0.0000e+00
8.0000e+01	8.0000e+00	1.7183e-01	2.1722e-02	0.0000e+00	0.0000e+00
8.8000e+01	8.0000e+00	1.6477e-01	3.0606e-02	0.0000e+00	0.0000e+00
9.6000e+01	8.0000e+00	1.5535e-01	4.2243e-02	0.0000e+00	0.0000e+00
1.0400e+02	8.0000e+00	1.3442e-01	6.2298e-02	0.0000e+00	0.0000e+00
1.1200e+02	8.0000e+00	9.3289e-02	6.0257e-02	1.0000e+00	0.0000e+00
1.2000e+02	8.0000e+00	1.0157e-01	5.1574e-02	0.0000e+00	0.0000e+00
1.2800e+02	8.0000e+00	8.3604e-02	5.3218e-02	0.0000e+00	0.0000e+00
1.3600e+02	8.0000e+00	4.8097e-02	6.6119e-02	0.0000e+00	0.0000e+00
1.4400e+02	8.0000e+00	4.4579e-02	5.8016e-02	0.0000e+00	0.0000e+00
1.5200e+02	8.0000e+00	3.9486e-02	1.3436e-02	0.0000e+00	0.0000e+00
1.6000e+02	8.0000e+00	2.9684e-02	3.6683e-03	0.0000e+00	0.0000e+00
1.6800e+02	8.0000e+00	2.8992e-02	-5.2627e-03	0.0000e+00	0.0000e+00
1.7600e+02	8.0000e+00	2.7892e-02	-7.4573e-03	0.0000e+00	0.0000e+00
1.8400e+02	8.0000e+00	3.4431e-02	-1.2545e-02	0.0000e+00	0.0000e+00
1.9200e+02	8.0000e+00	1.2623e-02	-1.6882e-02	1.0000e+00	0.0000e+00
2.0000e+02	8.0000e+00	3.6624e-02	-2.0857e-02	0.0000e+00	0.0000e+00
2.0800e+02	8.0000e+00	3.2227e-02	-1.9761e-02	0.0000e+00	0.0000e+00
2.1600e+02	8.0000e+00	3.9846e-02	-2.0318e-02	0.0000e+00	0.0000e+00
2.2400e+02	8.0000e+00	3.1030e-02	-2.2464e-02	0.0000e+00	0.0000e+00
2.3200e+02	8.0000e+00	6.1828e-02	-1.8479e-02	0.0000e+00	0.0000e+00
2.4000e+02	8.0000e+00	6.2055e-02	-1.6829e-02	0.0000e+00	0.0000e+00
2.4800e+02	8.0000e+00	6.0852e-02	-1.5405e-02	0.0000e+00	0.0000e+00
