# x	y	u	v	flags	mask
8.0000e+00	2.4800e+02	9.0574e-02	1.1379e-03	1.0000e+00	0.0000e+00
1.6000e+01	2.4800e+02	8.9480e-02	3.8309e-04	1.0000e+00	0.0000e+00
2.4000e+01	2.4800e+02	8.8723e-02	-3.8253e-04	1.0000e+00	0.0000e+00
3.2000e+01	2.4800e+02	8.8678e-02	-1.2226e-03	1.0000e+00	0.0000e+00
4.0000e+01	2.4800e+02	9.0569e-02	-4.0571e-03	1.0000e+00	0.0000e+00
4.8000e+01	2.4800e+02	9.3912e-02	-6.0409e-03	1.0000e+00	0.0000e+00
5.6000e+01	2.4800e+02	9.7179e-02	-6.9525e-03	1.0000e+00	0.0000e+00
6.4000e+01	2.4800e+02	1.0124e-01	-6.8703e-03	1.0000e+00	0.0000e+00
7.2000e+01	2.4800e+02	1.0143e-01	-5.5713e-03	1.0000e+00	0.0000e+00
8.0000e+01	2.4800e+02	9.9871e-02	-2.2578e-03	1.0000e+00	0.0000e+00
8.8000e+01	2.4800e+02	9.6530e-02	1.1366e-03	1.0000e+00	0.0000e+00
9.6000e+01	2.4800e+02	9.4543e-02	5.3309e-03	1.0000e+00	0.0000e+00
1.0400e+02	2.4800e+02	9.1753e-02	1.0204e-02	1.0000e+00	0.0000e+00
1.1200e+02	2.4800e+02	9.4117e-02	1.5045e-02	1.0000e+00	0.0000e+00
1.2000e+02	2.4800e+02	9.7846e-02	2.0021e-02	1.0000e+00	0.0000e+00
1.2800e+02	2.4800e+02	1.0310e-01	2.5339e-02	1.0000e+00	0.0000e+00
1.3600e+02	2.4800e+02	1.0674e-01	2.7847e-02	1.0000e+00	0.0000e+00
1.4400e+02	2.4800e+02	1.1033e-01	2.6781e-02	1.0000e+00	0.0000e+00
1.5200e+02	2.4800e+02	1.0968e-01	2.3536e-02	1.0000e+00	0.0000e+00
1.6000e+02	2.4800e+02	1.0754e-01	1.8600e-02	1.0000e+00	0.0000e+00
1.6800e+02	2.4800e+02	1.0379e-01	1.2148e-02	1.0000e+00	0.0000e+00
1.7600e+02	2.4800e+02	9.9122e-02	7.5404e-03	1.0000e+00	0.0000e+00
1.8400e+02	2.4800e+02	9.2214e-02	6.2417e-03	1.0000e+00	0.0000e+00
1.9200e+02	2.4800e+02	8.4356e-02	6.2170e-03	1.0000e+00	0.0000e+00
2.0000e+02	2.4800e+02	7.4401e-02	6.6313e-03	1.0000e+00	0.0000e+00
2.0800e+02	2.4800e+02	6.4267e-02	7.3824e-03	1.0000e+00	0.0000e+00
2.1600e+02	2.4800e+02	5.6896e-02	6.9838e-03	1.0000e+00	0.0000e+00
2.2400e+02	2.4800e+02	5.2409e-02	4.8799e-03	1.0000e+00	0.0000e+00
2.3200e+02	2.4800e+02	5.1019e-02	2.4324e-03	1.0000e+00	0.0000e+00
2.4000e+02	2.4800e+02	5.1275e-02	1.0458e-03	1.0000e+00	0.0000e+00
2.4800e+02	2.4800e+02	5.3465e-02	-5.5510e-04	1.0000e+00	0.0000e+00
8.0000e+00	2.4000e+02	9.8028e-02	4.9749e-04	1.0000e+00	0.0000e+00
1.6000e+01	2.4000e+02	9.6497e-02	3.1080e-04	1.0000e+00	0.0000e+00
2.4000e+01	2.4000e+02	9.5418e-02	-7.3975e-04	1.0000e+00	0.0000e+00
3.2000e+01	2.4000e+02	9.4908e-02	-1.8002e-03	1.0000e+00	0.0000e+00
4.0000e+01	2.4000e+02	9.6185e-02	-4.4461e-03	1.0000e+00	0.0000e+00
4.8000e+01	2.4000e+02	9.9653e-02	-6.4070e-03	1.0000e+00	0.0000e+00
5.6000e+01	2.4000e+02	1.0285e-01	-7.9821e-03	1.0000e+00	0.0000e+00
6.4000e+01	2.4000e+02	1.0657e-01	-7.6080e-03	1.0000e+00	0.0000e+00
7.2000e+01	2.4000e+02	1.0616e-01	-6.0519e-03	1.0000e+00	0.0000e+00
8.0000e+01	2.4000e+02	1.0628e-01	-2.7504e-03	1.0000e+00	0.0000e+00
8.8000e+01	2.4000e+02	1.0335e-01	8.5026e-04	1.0000e+00	0.0000e+00
9.6000e+01	2.4000e+02	1.0265e-01	5.1087e-03	1.0000e+00	0.0000e+00
1.0400e+02	2.4000e+02	1.0258e-01	9.6596e-03	1.0000e+00	0.0000e+00
1.1200e+02	2.4000e+02	1.0780e-01	1.4467e-02	1.0000e+00	0.0000e+00
1.2000e+02	2.4000e+02	1.1096e-01	1.9546e-02	1.0000e+00	0.0000e+00
1.2800e+02	2.4000e+02	1.1682e-01	2.4655e-02	1.0000e+00	0.0000e+00
1.3600e+02	2.4000e+02	1.2020e-01	2.7357e-02	1.0000e+00	0.0000e+00
1.4400e+02	2.4000e+02	1.2087e-01	2.6848e-02	1.0000e+00	0.0000e+00
1.5200e+02	2.4000e+02	1.1721e-01	2.3356e-02	1.0000e+00	0.0000e+00
1.6000e+02	2.4000e+02	1.1387e-01	1.7848e-02	1.0000e+00	0.0000e+00
1.6800e+02	2.4000e+02	1.0858e-01	1.1568e-02	1.0000e+00	0.0000e+00
1.7600e+02	2.4000e+02	1.0289e-01	7.1329e-03	1.0000e+00	0.0000e+00
1.8400e+02	2.4000e+02	9.6366e-02	5.5253e-03	1.0000e+00	0.0000e+00
1.9200e+02	2.4000e+02	8.8640e-02	5.7474e-03	1.0000e+00	0.0000e+00
2.0000e+02	2.4000e+02	7.8588e-02	6.7844e-03	1.0000e+00	0.0000e+00
2.0800e+02	2.4000e+02	6.8388e-02	7.4548e-03	1.0000e+00	0.0000e+00
2.1600e+02	2.4000e+02	6.0358e-02	6.9336e-03	1.0000e+00	0.0000e+00
2.2400e+02	2.4000e+02	5.5841e-02	4.8884e-03	1.0000e+00	0.0000e+00
2.3200e+02	2.4000e+02	5.5327e-02	2.3556e-03	1.0000e+00	0.0000e+00
2.4000e+02	2.4000e+02	5.5844e-02	7.8530e-04	1.0000e+00	0.0000e+00
2.4800e+02	2.4000e+02	5.8210e-02	-7.8926e-04	1.0000e+00	0.0000e+00
8.0000e+00	2.3200e+02	1.2902e-01	-9.4373e-04	1.0000e+00	0.0000e+00
1.6000e+01	2.3200e+02	1.2709e-01	-1.1336e-03	1.0000e+00	0.0000e+00
2.4000e+01	2.3200e+02	1.2528e-01	-2.3841e-03	1.0000e+00	0.0000e+00
3.2000e+01	2.3200e+02	1.2344e-01	-4.0265e-03	1.0000e+00	0.0000e+00
4.0000e+01	2.3200e+02	1.2268e-01	-6.8944e-03	1.0000e+00	0.0000e+00
4.8000e+01	2.3200e+02	1.2435e-01	-8.8463e-03	1.0000e+00	0.0000e+00
5.6000e+01	2.3200e+02	1.2546e-01	-1.0587e-02	1.0000e+00	0.0000e+00
6.4000e+01	2.3200e+02	1.2731e-01	-1.0138e-02	1.0000e+00	0.0000e+00
7.2000e+01	2.3200e+02	1.2509e-01	-8.2558e-03	1.0000e+00	0.0000e+00
8.0000e+01	2.3200e+02	1.2450e-01	-4.4316e-03	1.0000e+00	0.0000e+00
8.8000e+01	2.3200e+02	1.2038e-01	-2.9646e-04	1.0000e+00	0.0000e+00
9.6000e+01	2.3200e+02	1.1904e-01	4.3337e-03	1.0000e+00	0.0000e+00
1.0400e+02	2.3200e+02	1.1902e-01	9.1073e-03	1.0000e+00	0.0000e+00
1.1200e+02	2.3200e+02	1.2457e-01	1.4079e-02	1.0000e+00	0.0000e+00
1.2000e+02	2.3200e+02	1.2740e-01	1.9066e-02	1.0000e+00	0.0000e+00
1.2800e+02	2.3200e+02	1.3364e-01	2.3768e-02	1.0000e+00	0.0000e+00
1.3600e+02	2.3200e+02	1.3715e-01	2.6200e-02	1.0000e+00	0.0000e+00
1.4400e+02	2.3200e+02	1.3698e-01	2.5824e-02	1.0000e+00	0.0000e+00
1.5200e+02	2.3200e+02	1.3266e-01	2.2289e-02	1.0000e+00	0.0000e+00
1.6000e+02	2.3200e+02	1.2908e-01	1.6570e-02	1.0000e+00	0.0000e+00
1.6800e+02	2.3200e+02	1.2354e-01	1.0550e-02	1.0000e+00	0.0000e+00
1.7600e+02	2.3200e+02	1.1808e-01	6.3461e-03	1.0000e+00	0.0000e+00
1.8400e+02	2.3200e+02	1.1241e-01	4.5038e-03	1.0000e+00	0.0000e+00
1.9200e+02	2.3200e+02	1.0541e-01	4.6327e-03	1.0000e+00	0.0000e+00
2.0000e+02	2.3200e+02	9.6138e-02	5.8060e-03	1.0000e+00	0.0000e+00
2.0800e+02	2.3200e+02	8.6614e-02	6.4305e-03	1.0000e+00	0.0000e+00
2.1600e+02	2.3200e+02	7.8567e-02	6.0908e-03	1.0000e+00	0.0000e+00
2.2400e+02	2.3200e+02	7.4060e-02	4.4500e-03	1.0000e+00	0.0000e+00
2.3200e+02	2.3200e+02	7.3836e-02	2.2809e-03	1.0000e+00	0.0000e+00
2.4000e+02	2.3200e+02	7.4312e-02	9.4529e-04	1.0000e+00	0.0000e+00
2.4800e+02	2.3200e+02	7.6456e-02	-3.4393e-04	1.0000e+00	0.0000e+00
8.0000e+00	2.2400e+02	1.1158e-01	1.0335e-04	1.0000e+00	0.0000e+00
1.6000e+01	2.2400e+02	1.0694e-01	-5.7033e-04	1.0000e+00	0.0000e+00
2.4000e+01	2.2400e+02	1.0379e-01	-1.9116e-03	1.0000e+00	0.0000e+00
3.2000e+01	2.2400e+02	1.0181e-01	1.1730e-03	1.0000e+00	0.0000e+00
4.0000e+01	2.2400e+02	1.0212e-01	-6.7368e-03	1.0000e+00	0.0000e+00
4.8000e+01	2.2400e+02	1.0868e-01	-7.8818e-03	1.0000e+00	0.0000e+00
5.6000e+01	2.2400e+02	1.0901e-01	-8.8726e-03	1.0000e+00	0.0000e+00
6.4000e+01	2.2400e+02	1.1807e-01	-9.3884e-03	1.0000e+00	0.0000e+00
7.2000e+01	2.2400e+02	1.1433e-01	-9.0974e-03	1.0000e+00	0.0000e+00
8.0000e+01	2.2400e+02	1.1271e-01	-2.8602e-03	1.0000e+00	0.0000e+00
8.8000e+01	2.2400e+02	1.0686e-01	1.3826e-03	1.0000e+00	0.0000e+00
9.6000e+01	2.2400e+02	1.1848e-01	5.2365e-03	1.0000e+00	0.0000e+00
1.0400e+02	2.2400e+02	1.1111e-01	9.6471e-03	1.0000e+00	0.0000e+00
1.1200e+02	2.2400e+02	1.2154e-01	1.2096e-02	1.0000e+00	0.0000e+00
1.2000e+02	2.2400e+02	1.2986e-01	1.7345e-02	1.0000e+00	0.0000e+00
1.2800e+02	2.2400e+02	1.3862e-01	2.5254e-02	1.0000e+00	0.0000e+00
1.3600e+02	2.2400e+02	1.3216e-01	2.9212e-02	1.0000e+00	0.0000e+00
1.4400e+02	2.2400e+02	1.3750e-01	2.7834e-02	1.0000e+00	0.0000e+00
1.5200e+02	2.2400e+02	1.3088e-01	2.3936e-02	1.0000e+00	0.0000e+00
1.6000e+02	2.2400e+02	1.1753e-01	1.9393e-02	1.0000e+00	0.0000e+00
1.6800e+02	2.2400e+02	1.1142e-01	8.7807e-03	1.0000e+00	0.0000e+00
1.7600e+02	2.2400e+02	1.0840e-01	2.3475e-03	1.0000e+00	0.0000e+00
1.8400e+02	2.2400e+02	1.0357e-01	4.6290e-03	1.0000e+00	0.0000e+00
1.9200e+02	2.2400e+02	9.7734e-02	6.1139e-03	1.0000e+00	0.0000e+00
2.0000e+02	2.2400e+02	8.5464e-02	6.9232e-03	1.0000e+00	0.0000e+00
2.0800e+02	2.2400e+02	7.2358e-02	8.0974e-03	1.0000e+00	0.0000e+00
2.1600e+02	2.2400e+02	6.2672e-02	8.4657e-03	1.0000e+00	0.0000e+00
2.2400e+02	2.2400e+02	5.9348e-02	4.5772e-03	1.0000e+00	0.0000e+00
2.3200e+02	2.2400e+02	5.7396e-02	1.9947e-03	1.0000e+00	0.0000e+00
2.4000e+02	2.2400e+02	6.2548e-02	1.7942e-05	1.0000e+00	0.0000e+00
2.4800e+02	2.2400e+02	7.1106e-02	-2.2150e-03	1.0000e+00	0.0000e+00
8.0000e+00	2.1600e+02	2.1741e-01	-1.5012e-03	1.0000e+00	0.0000e+00
1.6000e+01	2.1600e+02	2.1283e-01	-5.1013e-03	1.0000e+00	0.0000e+00
2.4000e+01	2.1600e+02	2.0591e-01	-9.4175e-03	1.0000e+00	0.0000e+00
3.2000e+01	2.1600e+02	2.0168e-01	-6.1561e-03	1.0000e+00	0.0000e+00
4.0000e+01	2.1600e+02	1.9318e-01	-1.3890e-02	1.0000e+00	0.0000e+00
4.8000e+01	2.1600e+02	1.9245e-01	-1.7439e-02	1.0000e+00	0.0000e+00
5.6000e+01	2.1600e+02	1.8259e-01	-1.9544e-02	1.0000e+00	0.0000e+00
6.4000e+01	2.1600e+02	1.8785e-01	-1.7675e-02	1.0000e+00	0.0000e+00
7.2000e+01	2.1600e+02	1.7812e-01	-1.5690e-02	1.0000e+00	0.0000e+00
8.0000e+01	2.1600e+02	1.7391e-01	-1.0280e-02	1.0000e+00	0.0000e+00
8.8000e+01	2.1600e+02	1.6123e-01	-3.8880e-03	1.0000e+00	0.0000e+00
9.6000e+01	2.1600e+02	1.6867e-01	4.5053e-03	1.0000e+00	0.0000e+00
1.0400e+02	2.1600e+02	1.5654e-01	9.5280e-03	1.0000e+00	0.0000e+00
1.1200e+02	2.1600e+02	1.6685e-01	1.1777e-02	1.0000e+00	0.0000e+00
1.2000e+02	2.1600e+02	1.7517e-01	1.5908e-02	1.0000e+00	0.0000e+00
1.2800e+02	2.1600e+02	1.8465e-01	2.2875e-02	1.0000e+00	0.0000e+00
1.3600e+02	2.1600e+02	1.8087e-01	2.6772e-02	1.0000e+00	0.0000e+00
1.4400e+02	2.1600e+02	1.8711e-01	2.3938e-02	1.0000e+00	0.0000e+00
1.5200e+02	2.1600e+02	1.7950e-01	1.8790e-02	1.0000e+00	0.0000e+00
1.6000e+02	2.1600e+02	1.6541e-01	1.6325e-02	1.0000e+00	0.0000e+00
1.6800e+02	2.1600e+02	1.6066e-01	6.3879e-03	1.0000e+00	0.0000e+00
1.7600e+02	2.1600e+02	1.5856e-01	-1.2779e-03	1.0000e+00	0.0000e+00
1.8400e+02	2.1600e+02	1.5700e-01	1.8891e-03	1.0000e+00	0.0000e+00
1.9200e+02	2.1600e+02	1.5598e-01	2.8365e-03	1.0000e+00	0.0000e+00
2.0000e+02	2.1600e+02	1.4579e-01	2.8012e-03	1.0000e+00	0.0000e+00
2.0800e+02	2.1600e+02	1.3387e-01	3.8650e-03	1.0000e+00	0.0000e+00
2.1600e+02	2.1600e+02	1.2560e-01	4.4154e-03	1.0000e+00	0.0000e+00
2.2400e+02	2.1600e+02	1.2289e-01	2.6794e-03	1.0000e+00	0.0000e+00
2.3200e+02	2.1600e+02	1.1877e-01	2.9505e-03	1.0000e+00	0.0000e+00
2.4000e+02	2.1600e+02	1.2378e-01	1.5679e-03	1.0000e+00	0.0000e+00
2.4800e+02	2.1600e+02	1.3373e-01	-4.8868e-04	1.0000e+00	0.0000e+00
8.0000e+00	2.0800e+02	6.0454e-02	-4.2918e-02	0.0000e+00	0.0000e+00
1.6000e+01	2.0800e+02	1.3410e-01	5.0915e-02	0.0000e+00	0.0000e+00
2.4000e+01	2.0800e+02	-6.9004e-02	4.8782e-03	0.0000e+00	0.0000e+00
3.2000e+01	2.0800e+02	-2.0165e-02	-6.1433e-03	0.0000e+00	0.0000e+00
4.0000e+01	2.0800e+02	-1.6206e-02	-6.8394e-03	0.0000e+00	0.0000e+00
4.8000e+01	2.0800e+02	4.7662e-02	6.7045e-02	0.0000e+00	0.0000e+00
5.6000e+01	2.0800e+02	1.5714e-01	-8.9473e-02	0.0000e+00	0.0000e+00
6.4000e+01	2.0800e+02	6.1618e-02	1.5292e-02	0.0000e+00	0.0000e+00
7.2000e+01	2.0800e+02	-3.4161e-02	3.8966e-03	0.0000e+00	0.0000e+00
8.0000e+01	2.0800e+02	1.7349e-01	-2.8718e-02	0.0000e+00	0.0000e+00
8.8000e+01	2.0800e+02	-1.5018e-03	3.6685e-02	0.0000e+00	0.0000e+00
9.6000e+01	2.0800e+02	1.2827e-01	-1.0029e-02	0.0000e+00	0.0000e+00
1.0400e+02	2.0800e+02	-2.1207e-03	3.8660e-02	0.0000e+00	0.0000e+00
1.1200e+02	2.0800e+02	2.9002e-01	7.4553e-03	1.0000e+00	0.0000e+00
1.2000e+02	2.0800e+02	-1.0226e-02	-1.3923e-02	0.0000e+00	0.0000e+00
1.2800e+02	2.0800e+02	1.4817e-01	-1.5421e-03	0.0000e+00	0.0000e+00
1.3600e+02	2.0800e+02	2.8532e-01	2.0447e-02	1.0000e+00	0.0000e+00
1.4400e+02	2.0800e+02	9.1975e-02	1.4237e-01	0.0000e+00	0.0000e+00
1.5200e+02	2.0800e+02	5.1299e-02	5.7953e-02	0.0000e+00	0.0000e+00
1.6000e+02	2.0800e+02	1.2675e-01	-4.0862e-02	0.0000e+00	0.0000e+00
1.6800e+02	2.0800e+02	6.9099e-02	-2.8291e-02	0.0000e+00	0.0000e+00
1.7600e+02	2.0800e+02	1.7514e-02	2.2250e-02	0.0000e+00	0.0000e+00
1.8400e+02	2.0800e+02	5.0018e-02	-2.5325e-03	0.0000e+00	0.0000e+00
1.9200e+02	2.0800e+02	8.4977e-02	-1.8800e-02	0.0000e+00	0.0000e+00
2.0000e+02	2.0800e+02	1.1951e-01	5.3021e-02	0.0000e+00	0.0000e+00
2.0800e+02	2.0800e+02	6.3117e-02	6.2556e-03	0.0000e+00	0.0000e+00
2.1600e+02	2.0800e+02	-1.0379e-01	1.9017e-02	0.0000e+00	0.0000e+00
2.2400e+02	2.0800e+02	-8.7150e-02	1.4332e-02	0.0000e+00	0.0000e+00
2.3200e+02	2.0800e+02	3.7653e-03	-2.8011e-03	0.0000e+00	0.0000e+00
2.4000e+02	2.0800e+02	1.2655e-01	-1.1375e-02	0.0000e+00	0.0000e+00
2.4800e+02	2.0800e+02	1.8807e-02	-1.4923e-02	0.0000e+00	0.0000e+00
8.0000e+00	2.0000e+02	4.9849e-01	-4.9332e-02	0.0000e+00	0.0000e+00
1.6000e+01	2.0000e+02	5.8647e-01	1.3308e-02	0.0000e+00	0.0000e+00
2.4000e+01	2.0000e+02	5.8062e-01	2.5285e-02	0.0000e+00	0.0000e+00
3.2000e+01	2.0000e+02	5.5547e-01	-6.3851e-02	0.0000e+00	0.0000e+00
4.0000e+01	2.0000e+02	4.6372e-01	-9.5067e-02	0.0000e+00	0.0000e+00
4.8000e+01	2.0000e+02	4.5476e-01	-4.6212e-02	0.0000e+00	0.0000e+00
5.6000e+01	2.0000e+02	3.9295e-01	4.5160e-03	0.0000e+00	0.0000e+00
6.4000e+01	2.0000e+02	4.3581e-01	-4.3473e-02	0.0000e+00	0.0000e+00
7.2000e+01	2.0000e+02	3.3817e-01	-9.6274e-02	0.0000e+00	0.0000e+00
8.0000e+01	2.0000e+02	4.0948e-01	-3.7028e-02	0.0000e+00	0.0000e+00
8.8000e+01	2.0000e+02	3.2256e-01	-3.3748e-04	0.0000e+00	0.0000e+00
9.6000e+01	2.0000e+02	3.3352e-01	-2.6134e-03	0.0000e+00	0.0000e+00
1.0400e+02	2.0000e+02	2.5693e-01	2.2780e-02	0.0000e+00	0.0000e+00
1.1200e+02	2.0000e+02	2.2910e-01	3.4144e-02	0.0000e+00	0.0000e+00
1.2000e+02	2.0000e+02	2.7855e-01	3.8722e-04	0.0000e+00	0.0000e+00
1.2800e+02	2.0000e+02	3.3363e-01	1.8276e-02	0.0000e+00	0.0000e+00
1.3600e+02	2.0000e+02	3.5238e-01	-4.2319e-03	0.0000e+00	0.0000e+00
1.4400e+02	2.0000e+02	3.0316e-01	2.9271e-02	0.0000e+00	0.0000e+00
1.5200e+02	2.0000e+02	3.1668e-01	4.7732e-02	0.0000e+00	0.0000e+00
1.6000e+02	2.0000e+02	3.2218e-01	-4.0286e-02	0.0000e+00	0.0000e+00
1.6800e+02	2.0000e+02	3.0784e-01	-2.9433e-02	0.0000e+00	0.0000e+00
1.7600e+02	2.0000e+02	3.2550e-01	2.1191e-02	0.0000e+00	0.0000e+00
1.8400e+02	2.0000e+02	3.1766e-01	1.1188e-02	0.0000e+00	0.0000e+00
1.9200e+02	2.0000e+02	3.1339e-01	-7.3189e-03	0.0000e+00	0.0000e+00
2.0000e+02	2.0000e+02	3.6375e-01	-2.4092e-02	0.0000e+00	0.0000e+00
2.0800e+02	2.0000e+02	3.8190e-01	-4.1956e-02	0.0000e+00	0.0000e+00
2.1600e+02	2.0000e+02	3.1949e-01	2.9073e-03	0.0000e+00	0.0000e+00
2.2400e+02	2.0000e+02	2.8967e-01	1.2099e-02	0.0000e+00	0.0000e+00
2.3200e+02	2.0000e+02	3.0738e-01	-6.5975e-03	0.0000e+00	0.0000e+00
2.4000e+02	2.0000e+02	3.5499e-01	1.5596e-02	0.0000e+00	0.0000e+00
2.4800e+02	2.0000e+02	3.2158e-01	1.2955e-02	0.0000e+00	0.0000e+00
8.0000e+00	1.9200e+02	1.3471e+00	-6.2538e-02	0.0000e+00	0.0000e+00
1.6000e+01	1.9200e+02	1.2089e+00	-5.4106e-02	0.0000e+00	0.0000e+00
2.4000e+01	1.9200e+02	1.1361e+00	-4.9423e-02	0.0000e+00	0.0000e+00
3.2000e+01	1.9200e+02	1.1049e+00	-9.5541e-02	0.0000e+00	0.0000e+00
4.0000e+01	1.9200e+02	9.2340e-01	-1.1530e-01	0.0000e+00	0.0000e+00
4.8000e+01	1.9200e+02	9.1688e-01	-4.5274e-02	0.0000e+00	0.0000e+00
5.6000e+01	1.9200e+02	9.3853e-01	-2.4408e-02	0.0000e+00	0.0000e+00
6.4000e+01	1.9200e+02	9.6255e-01	-5.6411e-02	0.0000e+00	0.0000e+00
7.2000e+01	1.9200e+02	8.9633e-01	-6.3691e-02	0.0000e+00	0.0000e+00
8.0000e+01	1.9200e+02	8.5618e-01	-5.2078e-02	1.0000e+00	0.0000e+00
8.8000e+01	1.9200e+02	8.0513e-01	-3.0835e-02	0.0000e+00	0.0000e+00
9.6000e+01	1.9200e+02	7.7717e-01	-9.6445e-03	0.0000e+00	0.0000e+00
1.0400e+02	1.9200e+02	7.7248e-01	-5.8945e-03	0.0000e+00	0.0000e+00
1.1200e+02	1.9200e+02	7.9982e-01	-1.7917e-02	0.0000e+00	0.0000e+00
1.2000e+02	1.9200e+02	7.2010e-01	-5.7795e-03	0.0000e+00	0.0000e+00
1.2800e+02	1.9200e+02	6.5175e-01	6.9523e-04	0.0000e+00	0.0000e+00
1.3600e+02	1.9200e+02	6.8768e-01	-1.6434e-02	0.0000e+00	0.0000e+00
1.4400e+02	1.9200e+02	6.1110e-01	-2.0075e-02	0.0000e+00	0.0000e+00
1.5200e+02	1.9200e+02	6.4132e-01	9.4907e-03	0.0000e+00	0.0000e+00
1.6000e+02	1.9200e+02	6.8298e-01	8.3762e-03	0.0000e+00	0.0000e+00
1.6800e+02	1.9200e+02	6.8626e-01	-5.1549e-03	0.0000e+00	0.0000e+00
1.7600e+02	1.9200e+02	7.0455e-01	-1.9923e-02	0.0000e+00	0.0000e+00
1.8400e+02	1.9200e+02	6.9008e-01	-2.7477e-02	0.0000e+00	0.0000e+00
1.9200e+02	1.9200e+02	6.6213e-01	-1.3963e-02	0.0000e+00	0.0000e+00
2.0000e+02	1.9200e+02	6.7926e-01	-2.5050e-02	0.0000e+00	0.0000e+00
2.0800e+02	1.9200e+02	7.0647e-01	-2.8659e-02	0.0000e+00	0.0000e+00
2.1600e+02	1.9200e+02	7.0837e-01	5.1256e-03	0.0000e+00	0.0000e+00
2.2400e+02	1.9200e+02	6.3470e-01	1.5344e-02	0.0000e+00	0.0000e+00
2.3200e+02	1.9200e+02	6.2305e-01	1.5695e-03	0.0000e+00	0.0000e+00
2.4000e+02	1.9200e+02	6.8364e-01	9.0221e-03	0.0000e+00	0.0000e+00
2.4800e+02	1.9200e+02	6.9850e-01	6.9559e-03	0.0000e+00	0.0000e+00
8.0000e+00	1.8400e+02	1.7622e+00	-1.1024e-01	0.0000e+00	0.0000e+00
1.6000e+01	1.8400e+02	1.7038e+00	-1.1573e-01	0.0000e+00	0.0000e+00
2.4000e+01	1.8400e+02	1.7419e+00	-1.6004e-01	0.0000e+00	0.0000e+00
3.2000e+01	1.8400e+02	1.7068e+00	-1.6567e-01	0.0000e+00	0.0000e+00
4.0000e+01	1.8400e+02	1.6591e+00	-1.4843e-01	0.0000e+00	0.0000e+00
4.8000e+01	1.8400e+02	1.5013e+00	-1.0545e-01	0.0000e+00	0.0000e+00
5.6000e+01	1.8400e+02	1.4391e+00	-1.0840e-01	0.0000e+00	0.0000e+00
6.4000e+01	1.8400e+02	1.4133e+00	-9.5809e-02	0.0000e+00	0.0000e+00
7.2000e+01	1.8400e+02	1.3568e+00	-8.0078e-02	0.0000e+00	0.0000e+00
8.0000e+01	1.8400e+02	1.2993e+00	-7.4612e-02	0.0000e+00	0.0000e+00
8.8000e+01	1.8400e+02	1.2217e+00	-5.9604e-02	0.0000e+00	0.0000e+00
9.6000e+01	1.8400e+02	1.1914e+00	-3.7294e-02	0.0000e+00	0.0000e+00
1.0400e+02	1.8400e+02	1.1930e+00	-3.3061e-02	0.0000e+00	0.0000e+00
1.1200e+02	1.8400e+02	1.2012e+00	-4.1592e-02	0.0000e+00	0.0000e+00
1.2000e+02	1.8400e+02	1.1807e+00	-4.0507e-02	0.0000e+00	0.0000e+00
1.2800e+02	1.8400e+02	1.1445e+00	-3.7476e-02	0.0000e+00	0.0000e+00
1.3600e+02	1.8400e+02	1.1047e+00	-1.4956e-02	0.0000e+00	0.0000e+00
1.4400e+02	1.8400e+02	1.1102e+00	-1.0324e-02	0.0000e+00	0.0000e+00
1.5200e+02	1.8400e+02	1.0654e+00	-2.1723e-02	0.0000e+00	0.0000e+00
1.6000e+02	1.8400e+02	1.0803e+00	-5.4508e-03	0.0000e+00	0.0000e+00
1.6800e+02	1.8400e+02	1.0609e+00	1.8968e-03	0.0000e+00	0.0000e+00
1.7600e+02	1.8400e+02	1.0444e+00	-4.1975e-02	0.0000e+00	0.0000e+00
1.8400e+02	1.8400e+02	1.0659e+00	-6.6770e-02	0.0000e+00	0.0000e+00
1.9200e+02	1.8400e+02	1.0490e+00	-1.5111e-02	0.0000e+00	0.0000e+00
2.0000e+02	1.8400e+02	1.0657e+00	-1.1880e-02	0.0000e+00	0.0000e+00
2.0800e+02	1.8400e+02	1.0439e+00	-9.4969e-03	0.0000e+00	0.0000e+00
2.1600e+02	1.8400e+02	1.0506e+00	3.3375e-03	0.0000e+00	0.0000e+00
2.2400e+02	1.8400e+02	1.0218e+00	3.6478e-03	0.0000e+00	0.0000e+00
2.3200e+02	1.8400e+02	1.0382e+00	4.4690e-03	0.0000e+00	0.0000e+00
2.4000e+02	1.8400e+02	1.0252e+00	9.9197e-03	0.0000e+00	0.0000e+00
2.4800e+02	1.8400e+02	1.0141e+00	-2.3270e-03	0.0000e+00	0.0000e+00
8.0000e+00	1.7600e+02	2.3198e+00	-1.8442e-01	0.0000e+00	0.0000e+00
1.6000e+01	1.7600e+02	2.2109e+00	-1.3830e-01	0.0000e+00	0.0000e+00
2.4000e+01	1.7600e+02	2.0991e+00	-1.8470e-01	0.0000e+00	0.0000e+00
3.2000e+01	1.7600e+02	2.0410e+00	-2.0967e-01	0.0000e+00	0.0000e+00
4.0000e+01	1.7600e+02	1.9858e+00	-2.0370e-01	0.0000e+00	0.0000e+00
4.8000e+01	1.7600e+02	1.9443e+00	-2.1518e-01	0.0000e+00	0.0000e+00
5.6000e+01	1.7600e+02	1.8845e+00	-2.1312e-01	0.0000e+00	0.0000e+00
6.4000e+01	1.7600e+02	1.7921e+00	-1.6472e-01	0.0000e+00	0.0000e+00
7.2000e+01	1.7600e+02	1.7504e+00	-1.3186e-01	0.0000e+00	0.0000e+00
8.0000e+01	1.7600e+02	1.6811e+00	-1.2831e-01	0.0000e+00	0.0000e+00
8.8000e+01	1.7600e+02	1.6219e+00	-9.9517e-02	0.0000e+00	0.0000e+00
9.6000e+01	1.7600e+02	1.6119e+00	-5.4899e-02	0.0000e+00	0.0000e+00
1.0400e+02	1.7600e+02	1.5512e+00	-4.9082e-02	0.0000e+00	0.0000e+00
1.1200e+02	1.7600e+02	1.5448e+00	-6.1094e-02	0.0000e+00	0.0000e+00
1.2000e+02	1.7600e+02	1.5214e+00	-5.5669e-02	0.0000e+00	0.0000e+00
1.2800e+02	1.7600e+02	1.4783e+00	-3.7825e-02	0.0000e+00	0.0000e+00
1.3600e+02	1.7600e+02	1.4492e+00	-1.5719e-02	0.0000e+00	0.0000e+00
1.4400e+02	1.7600e+02	1.4375e+00	-3.5235e-02	0.0000e+00	0.0000e+00
1.5200e+02	1.7600e+02	1.4512e+00	-3.6942e-02	0.0000e+00	0.0000e+00
1.6000e+02	1.7600e+02	1.4297e+00	-4.1202e-03	0.0000e+00	0.0000e+00
1.6800e+02	1.7600e+02	1.3759e+00	1.9024e-02	0.0000e+00	0.0000e+00
1.7600e+02	1.7600e+02	1.3447e+00	6.2690e-03	0.0000e+00	0.0000e+00
1.8400e+02	1.7600e+02	1.3871e+00	-3.1602e-02	0.0000e+00	0.0000e+00
1.9200e+02	1.7600e+02	1.3939e+00	-2.8949e-02	0.0000e+00	0.0000e+00
2.0000e+02	1.7600e+02	1.3899e+00	-3.7473e-03	0.0000e+00	0.0000e+00
2.0800e+02	1.7600e+02	1.3531e+00	-1.2537e-02	0.0000e+00	0.0000e+00
2.1600e+02	1.7600e+02	1.3718e+00	-1.9225e-02	0.0000e+00	0.0000e+00
2.2400e+02	1.7600e+02	1.3836e+00	-1.8477e-02	0.0000e+00	0.0000e+00
2.3200e+02	1.7600e+02	1.3753e+00	1.9956e-02	0.0000e+00	0.0000e+00
2.4000e+02	1.7600e+02	1.3436e+00	2.1306e-02	0.0000e+00	0.0000e+00
2.4800e+02	1.7600e+02	1.3543e+00	-7.4368e-03	0.0000e+00	0.0000e+00
8.0000e+00	1.6800e+02	2.4490e+00	-2.0193e-01	0.0000e+00	0.0000e+00
1.6000e+01	1.6800e+02	2.2754e+00	-1.7332e-01	0.0000e+00	0.0000e+00
2.4000e+01	1.6800e+02	2.2047e+00	-1.6794e-01	0.0000e+00	0.0000e+00
3.2000e+01	1.6800e+02	2.1489e+00	-2.0271e-01	0.0000e+00	0.0000e+00
4.0000e+01	1.6800e+02	2.0776e+00	-2.4476e-01	0.0000e+00	0.0000e+00
4.8000e+01	1.6800e+02	2.0519e+00	-2.2633e-01	0.0000e+00	0.0000e+00
5.6000e+01	1.6800e+02	2.0278e+00	-2.1533e-01	0.0000e+00	0.0000e+00
6.4000e+01	1.6800e+02	1.9729e+00	-2.0352e-01	0.0000e+00	0.0000e+00
7.2000e+01	1.6800e+02	1.9537e+00	-1.6166e-01	0.0000e+00	0.0000e+00
8.0000e+01	1.6800e+02	1.8937e+00	-1.7638e-01	0.0000e+00	0.0000e+00
8.8000e+01	1.6800e+02	1.8985e+00	-2.1144e-01	0.0000e+00	0.0000e+00
9.6000e+01	1.6800e+02	1.8354e+00	-1.1577e-01	0.0000e+00	0.0000e+00
1.0400e+02	1.6800e+02	1.7844e+00	-8.0151e-02	0.0000e+00	0.0000e+00
1.1200e+02	1.6800e+02	1.7367e+00	-7.5966e-02	0.0000e+00	0.0000e+00
1.2000e+02	1.6800e+02	1.7597e+00	-8.8774e-02	0.0000e+00	0.0000e+00
1.2800e+02	1.6800e+02	1.7110e+00	-5.2459e-02	0.0000e+00	0.0000e+00
1.3600e+02	1.6800e+02	1.7243e+00	-1.4647e-02	0.0000e+00	0.0000e+00
1.4400e+02	1.6800e+02	1.6905e+00	-5.6990e-02	0.0000e+00	0.0000e+00
1.5200e+02	1.6800e+02	1.7185e+00	-5.1535e-02	0.0000e+00	0.0000e+00
1.6000e+02	1.6800e+02	1.6743e+00	7.3836e-03	0.0000e+00	0.0000e+00
1.6800e+02	1.6800e+02	1.6002e+00	1.4893e-02	0.0000e+00	0.0000e+00
1.7600e+02	1.6800e+02	1.5870e+00	1.2854e-03	0.0000e+00	0.0000e+00
1.8400e+02	1.6800e+02	1.6067e+00	-1.3873e-02	0.0000e+00	0.0000e+00
1.9200e+02	1.6800e+02	1.6213e+00	-2.7118e-02	0.0000e+00	0.0000e+00
2.0000e+02	1.6800e+02	1.6315e+00	-2.2352e-02	0.0000e+00	0.0000e+00
2.0800e+02	1.6800e+02	1.4837e+00	-2.4855e-02	1.0000e+00	0.0000e+00
2.1600e+02	1.6800e+02	1.5812e+00	-2.4204e-02	0.0000e+00	0.0000e+00
2.2400e+02	1.6800e+02	1.5864e+00	-2.5352e-02	0.0000e+00	0.0000e+00
2.3200e+02	1.6800e+02	1.5813e+00	6.6654e-03	0.0000e+00	0.0000e+00
2.4000e+02	1.6800e+02	1.5656e+00	1.0467e-02	0.0000e+00	0.0000e+00
2.4800e+02	1.6800e+02	1.5972e+00	-1.4835e-02	0.0000e+00	0.0000e+00
8.0000e+00	1.6000e+02	1.9487e+00	-1.7960e-01	0.0000e+00	0.0000e+00
1.6000e+01	1.6000e+02	1.9459e+00	-2.2302e-01	0.0000e+00	0.0000e+00
2.4000e+01	1.6000e+02	1.9656e+00	-2.6329e-01	0.0000e+00	0.0000e+00
3.2000e+01	1.6000e+02	1.9373e+00	-2.6589e-01	0.0000e+00	0.0000e+00
4.0000e+01	1.6000e+02	1.9285e+00	-2.6318e-01	0.0000e+00	0.0000e+00
4.8000e+01	1.6000e+02	1.9395e+00	-2.1721e-01	0.0000e+00	0.0000e+00
5.6000e+01	1.6000e+02	1.9234e+00	-1.8609e-01	0.0000e+00	0.0000e+00
6.4000e+01	1.6000e+02	1.8811e+00	-2.1804e-01	0.0000e+00	0.0000e+00
7.2000e+01	1.6000e+02	1.9212e+00	-2.0227e-01	0.0000e+00	0.0000e+00
8.0000e+01	1.6000e+02	1.8784e+00	-1.9913e-01	0.0000e+00	0.0000e+00
8.8000e+01	1.6000e+02	1.9071e+00	-2.2029e-01	0.0000e+00	0.0000e+00
9.6000e+01	1.6000e+02	1.8527e+00	-1.7795e-01	0.0000e+00	0.0000e+00
1.0400e+02	1.6000e+02	1.8123e+00	-1.5283e-01	0.0000e+00	0.0000e+00
1.1200e+02	1.6000e+02	1.7722e+00	-1.4077e-01	0.0000e+00	0.0000e+00
1.2000e+02	1.6000e+02	1.8245e+00	-1.3174e-01	0.0000e+00	0.0000e+00
1.2800e+02	1.6000e+02	1.8132e+00	-8.4805e-02	0.0000e+00	0.0000e+00
1.3600e+02	1.6000e+02	1.8201e+00	-5.3076e-02	0.0000e+00	0.0000e+00
1.4400e+02	1.6000e+02	1.7943e+00	-6.1538e-02	0.0000e+00	0.0000e+00
1.5200e+02	1.6000e+02	1.7930e+00	-6.4393e-02	0.0000e+00	0.0000e+00
1.6000e+02	1.6000e+02	1.7595e+00	-3.7361e-02	0.0000e+00	0.0000e+00
1.6800e+02	1.6000e+02	1.7382e+00	-2.3082e-02	0.0000e+00	0.0000e+00
1.7600e+02	1.6000e+02	1.7276e+00	-1.9728e-02	0.0000e+00	0.0000e+00
1.8400e+02	1.6000e+02	1.7241e+00	-2.2703e-02	0.0000e+00	0.0000e+00
1.9200e+02	1.6000e+02	1.7267e+00	-3.2247e-02	0.0000e+00	0.0000e+00
2.0000e+02	1.6000e+02	1.7217e+00	2.2151e-03	0.0000e+00	0.0000e+00
2.0800e+02	1.6000e+02	1.6775e+00	-2.5315e-02	0.0000e+00	0.0000e+00
2.1600e+02	1.6000e+02	1.6593e+00	-5.7575e-02	0.0000e+00	0.0000e+00
2.2400e+02	1.6000e+02	1.7015e+00	-4.1628e-02	0.0000e+00	0.0000e+00
2.3200e+02	1.6000e+02	1.6622e+00	-1.9480e-02	0.0000e+00	0.0000e+00
2.4000e+02	1.6000e+02	1.6392e+00	-1.0812e-02	0.0000e+00	0.0000e+00
2.4800e+02	1.6000e+02	1.6826e+00	-2.1607e-02	0.0000e+00	0.0000e+00
8.0000e+00	1.5200e+02	1.3733e+00	-2.0028e-01	0.0000e+00	0.0000e+00
1.6000e+01	1.5200e+02	1.3956e+00	-2.1652e-01	0.0000e+00	0.0000e+00
2.4000e+01	1.5200e+02	1.4686e+00	-2.5428e-01	0.0000e+00	0.0000e+00
3.2000e+01	1.5200e+02	1.5288e+00	-2.3389e-01	0.0000e+00	0.0000e+00
4.0000e+01	1.5200e+02	1.4049e+00	-1.8485e-01	1.0000e+00	0.0000e+00
4.8000e+01	1.5200e+02	1.5415e+00	-2.1490e-01	0.0000e+00	0.0000e+00
5.6000e+01	1.5200e+02	1.5153e+00	-1.8493e-01	0.0000e+00	0.0000e+00
6.4000e+01	1.5200e+02	1.5337e+00	-2.0616e-01	0.0000e+00	0.0000e+00
7.2000e+01	1.5200e+02	1.6318e+00	-2.1974e-01	0.0000e+00	0.0000e+00
8.0000e+01	1.5200e+02	1.6568e+00	-2.0473e-01	0.0000e+00	0.0000e+00
8.8000e+01	1.5200e+02	1.6845e+00	-1.9905e-01	0.0000e+00	0.0000e+00
9.6000e+01	1.5200e+02	1.6860e+00	-1.9651e-01	0.0000e+00	0.0000e+00
1.0400e+02	1.5200e+02	1.6459e+00	-1.5268e-01	0.0000e+00	0.0000e+00
1.1200e+02	1.5200e+02	1.6577e+00	-1.1564e-01	0.0000e+00	0.0000e+00
1.2000e+02	1.5200e+02	1.7052e+00	-9.4921e-02	0.0000e+00	0.0000e+00
1.2800e+02	1.5200e+02	1.7250e+00	-1.0014e-01	0.0000e+00	0.0000e+00
1.3600e+02	1.5200e+02	1.7338e+00	-9.1445e-02	0.0000e+00	0.0000e+00
1.4400e+02	1.5200e+02	1.7442e+00	-7.9455e-02	0.0000e+00	0.0000e+00
1.5200e+02	1.5200e+02	1.7529e+00	-6.1984e-02	0.0000e+00	0.0000e+00
1.6000e+02	1.5200e+02	1.7208e+00	-5.8738e-02	0.0000e+00	0.0000e+00
1.6800e+02	1.5200e+02	1.6899e+00	-5.4303e-02	0.0000e+00	0.0000e+00
1.7600e+02	1.5200e+02	1.7188e+00	-4.2773e-02	0.0000e+00	0.0000e+00
1.8400e+02	1.5200e+02	1.7257e+00	-4.6539e-02	0.0000e+00	0.0000e+00
1.9200e+02	1.5200e+02	1.6987e+00	-4.1977e-02	0.0000e+00	0.0000e+00
2.0000e+02	1.5200e+02	1.7188e+00	-3.5249e-02	0.0000e+00	0.0000e+00
2.0800e+02	1.5200e+02	1.7069e+00	-5.2622e-02	0.0000e+00	0.0000e+00
2.1600e+02	1.5200e+02	1.7094e+00	-6.0826e-02	0.0000e+00	0.0000e+00
2.2400e+02	1.5200e+02	1.7458e+00	-3.9822e-02	0.0000e+00	0.0000e+00
2.3200e+02	1.5200e+02	1.7286e+00	-3.1274e-02	0.0000e+00	0.0000e+00
2.4000e+02	1.5200e+02	1.6947e+00	-3.8701e-02	0.0000e+00	0.0000e+00
2.4800e+02	1.5200e+02	1.6836e+00	-4.0394e-02	0.0000e+00	0.0000e+00
8.0000e+00	1.4400e+02	6.5655e-01	-1.6444e-01	0.0000e+00	0.0000e+00
1.6000e+01	1.4400e+02	8.2345e-01	-1.5956e-01	0.0000e+00	0.0000e+00
2.4000e+01	1.4400e+02	8.4855e-01	-1.8170e-01	0.0000e+00	0.0000e+00
3.2000e+01	1.4400e+02	8.6343e-01	-1.8494e-01	0.0000e+00	0.0000e+00
4.0000e+01	1.4400e+02	9.5123e-01	-1.8551e-01	0.0000e+00	0.0000e+00
4.8000e+01	1.4400e+02	1.0257e+00	-1.6504e-01	0.0000e+00	0.0000e+00
5.6000e+01	1.4400e+02	1.1050e+00	-1.5300e-01	0.0000e+00	0.0000e+00
6.4000e+01	1.4400e+02	1.1615e+00	-1.6525e-01	0.0000e+00	0.0000e+00
7.2000e+01	1.4400e+02	1.2705e+00	-1.7794e-01	0.0000e+00	0.0000e+00
8.0000e+01	1.4400e+02	1.2893e+00	-1.9635e-01	0.0000e+00	0.0000e+00
8.8000e+01	1.4400e+02	1.2744e+00	-1.7409e-01	0.0000e+00	0.0000e+00
9.6000e+01	1.4400e+02	1.3656e+00	-1.3671e-01	0.0000e+00	0.0000e+00
1.0400e+02	1.4400e+02	1.4268e+00	-1.1846e-01	0.0000e+00	0.0000e+00
1.1200e+02	1.4400e+02	1.4864e+00	-9.8407e-02	0.0000e+00	0.0000e+00
1.2000e+02	1.4400e+02	1.4471e+00	-8.9312e-02	0.0000e+00	0.0000e+00
1.2800e+02	1.4400e+02	1.5068e+00	-7.4032e-02	0.0000e+00	0.0000e+00
1.3600e+02	1.4400e+02	1.5352e+00	-6.7419e-02	1.0000e+00	0.0000e+00
1.4400e+02	1.4400e+02	1.5626e+00	-5.2944e-02	0.0000e+00	0.0000e+00
1.5200e+02	1.4400e+02	1.5197e+00	-7.5620e-02	0.0000e+00	0.0000e+00
1.6000e+02	1.4400e+02	1.5725e+00	-6.3889e-02	0.0000e+00	0.0000e+00
1.6800e+02	1.4400e+02	1.5361e+00	-5.6261e-02	0.0000e+00	0.0000e+00
1.7600e+02	1.4400e+02	1.5100e+00	-5.8337e-02	0.0000e+00	0.0000e+00
1.8400e+02	1.4400e+02	1.6137e+00	-3.8214e-02	0.0000e+00	0.0000e+00
1.9200e+02	1.4400e+02	1.6337e+00	-3.0757e-02	0.0000e+00	0.0000e+00
2.0000e+02	1.4400e+02	1.6668e+00	-4.1091e-02	0.0000e+00	0.0000e+00
2.0800e+02	1.4400e+02	1.6591e+00	-4.7945e-02	0.0000e+00	0.0000e+00
2.1600e+02	1.4400e+02	1.6612e+00	-2.7544e-02	0.0000e+00	0.0000e+00
2.2400e+02	1.4400e+02	1.6974e+00	-1.6353e-02	0.0000e+00	0.0000e+00
2.3200e+02	1.4400e+02	1.7323e+00	-1.0173e-02	0.0000e+00	0.0000e+00
2.4000e+02	1.4400e+02	1.7090e+00	-1.7351e-02	0.0000e+00	0.0000e+00
2.4800e+02	1.4400e+02	1.6925e+00	-2.6809e-02	0.0000e+00	0.0000e+00
8.0000e+00	1.3600e+02	2.5048e-01	-1.3043e-01	0.0000e+00	0.0000e+00
1.6000e+01	1.3600e+02	2.9688e-01	-9.2098e-02	0.0000e+00	0.0000e+00
2.4000e+01	1.3600e+02	3.1452e-01	-9.0438e-02	0.0000e+00	0.0000e+00
3.2000e+01	1.3600e+02	4.4325e-01	-8.1651e-02	0.0000e+00	0.0000e+00
4.0000e+01	1.3600e+02	5.2345e-01	-6.2386e-02	0.0000e+00	0.0000e+00
4.8000e+01	1.3600e+02	6.0153e-01	-9.3138e-02	0.0000e+00	0.0000e+00
5.6000e+01	1.3600e+02	7.8282e-01	-9.7793e-02	0.0000e+00	0.0000e+00
6.4000e+01	1.3600e+02	8.1670e-01	-6.5300e-02	0.0000e+00	0.0000e+00
7.2000e+01	1.3600e+02	8.8377e-01	-6.4458e-02	0.0000e+00	0.0000e+00
8.0000e+01	1.3600e+02	9.9430e-01	-1.0199e-01	0.0000e+00	0.0000e+00
8.8000e+01	1.3600e+02	1.0294e+00	-1.0985e-01	0.0000e+00	0.0000e+00
9.6000e+01	1.3600e+02	1.1520e+00	-9.3421e-02	0.0000e+00	0.0000e+00
1.0400e+02	1.3600e+02	1.1219e+00	-5.3018e-02	0.0000e+00	0.0000e+00
1.1200e+02	1.3600e+02	1.2128e+00	-8.5272e-02	0.0000e+00	0.0000e+00
1.2000e+02	1.3600e+02	1.2814e+00	-8.3042e-02	0.0000e+00	0.0000e+00
1.2800e+02	1.3600e+02	1.2861e+00	-7.9765e-02	0.0000e+00	0.0000e+00
1.3600e+02	1.3600e+02	1.3861e+00	-6.5242e-02	0.0000e+00	0.0000e+00
1.4400e+02	1.3600e+02	1.4187e+00	-2.9593e-02	0.0000e+00	0.0000e+00
1.5200e+02	1.3600e+02	1.4038e+00	-5.1056e-02	0.0000e+00	0.0000e+00
1.6000e+02	1.3600e+02	1.4450e+00	-4.3736e-02	0.0000e+00	0.0000e+00
1.6800e+02	1.3600e+02	1.4350e+00	-3.7110e-02	0.0000e+00	0.0000e+00
1.7600e+02	1.3600e+02	1.4309e+00	-4.7767e-02	0.0000e+00	0.0000e+00
1.8400e+02	1.3600e+02	1.5234e+00	-3.6010e-02	0.0000e+00	0.0000e+00
1.9200e+02	1.3600e+02	1.5515e+00	-2.3663e-02	0.0000e+00	0.0000e+00
2.0000e+02	1.3600e+02	1.5600e+00	-2.0702e-02	0.0000e+00	0.0000e+00
2.0800e+02	1.3600e+02	1.5681e+00	-2.8051e-02	0.0000e+00	0.0000e+00
2.1600e+02	1.3600e+02	1.5962e+00	-1.8477e-02	0.0000e+00	0.0000e+00
2.2400e+02	1.3600e+02	1.6086e+00	-1.7947e-02	0.0000e+00	0.0000e+00
2.3200e+02	1.3600e+02	1.7042e+00	-2.6299e-03	0.0000e+00	0.0000e+00
2.4000e+02	1.3600e+02	1.6901e+00	-9.7707e-03	0.0000e+00	0.0000e+00
2.4800e+02	1.3600e+02	1.6950e+00	-2.0639e-02	0.0000e+00	0.0000e+00
8.0000e+00	1.2800e+02	9.9194e-02	-1.4523e-02	0.0000e+00	0.0000e+00
1.6000e+01	1.2800e+02	6.4902e-02	5.3072e-02	0.0000e+00	0.0000e+00
2.4000e+01	1.2800e+02	2.0633e-01	6.3310e-03	0.0000e+00	0.0000e+00
3.2000e+01	1.2800e+02	2.9117e-01	-2.1730e-02	0.0000e+00	0.0000e+00
4.0000e+01	1.2800e+02	3.9479e-01	1.1190e-02	0.0000e+00	0.0000e+00
4.8000e+01	1.2800e+02	7.8619e-01	-3.1593e-04	1.0000e+00	0.0000e+00
5.6000e+01	1.2800e+02	6.4049e-01	-1.3746e-02	0.0000e+00	0.0000e+00
6.4000e+01	1.2800e+02	6.9368e-01	1.1544e-02	0.0000e+00	0.0000e+00
7.2000e+01	1.2800e+02	7.1171e-01	-1.0136e-02	0.0000e+00	0.0000e+00
8.0000e+01	1.2800e+02	8.8663e-01	-1.2085e-02	0.0000e+00	0.0000e+00
8.8000e+01	1.2800e+02	9.3398e-01	-4.3840e-02	0.0000e+00	0.0000e+00
9.6000e+01	1.2800e+02	1.0867e+00	-4.7688e-02	0.0000e+00	0.0000e+00
1.0400e+02	1.2800e+02	1.0343e+00	2.9540e-02	0.0000e+00	0.0000e+00
1.1200e+02	1.2800e+02	1.1554e+00	-2.4564e-02	0.0000e+00	0.0000e+00
1.2000e+02	1.2800e+02	1.2326e+00	-5.1378e-02	0.0000e+00	0.0000e+00
1.2800e+02	1.2800e+02	1.2016e+00	-4.6598e-02	0.0000e+00	0.0000e+00
1.3600e+02	1.2800e+02	1.2601e+00	-4.7559e-02	0.0000e+00	0.0000e+00
1.4400e+02	1.2800e+02	1.3304e+00	-3.2160e-02	0.0000e+00	0.0000e+00
1.5200e+02	1.2800e+02	1.3008e+00	-1.6265e-02	0.0000e+00	0.0000e+00
1.6000e+02	1.2800e+02	1.3728e+00	1.8855e-02	0.0000e+00	0.0000e+00
1.6800e+02	1.2800e+02	1.4586e+00	1.3602e-02	0.0000e+00	0.0000e+00
1.7600e+02	1.2800e+02	1.4534e+00	-9.4377e-03	0.0000e+00	0.0000e+00
1.8400e+02	1.2800e+02	1.4521e+00	-2.4043e-02	0.0000e+00	0.0000e+00
1.9200e+02	1.2800e+02	1.4758e+00	-1.2366e-02	0.0000e+00	0.0000e+00
2.0000e+02	1.2800e+02	1.5013e+00	-1.3972e-03	0.0000e+00	0.0000e+00
2.0800e+02	1.2800e+02	1.5351e+00	-5.7085e-03	0.0000e+00	0.0000e+00
2.1600e+02	1.2800e+02	1.5719e+00	-3.7009e-03	0.0000e+00	0.0000e+00
2.2400e+02	1.2800e+02	1.5547e+00	2.7515e-02	0.0000e+00	0.0000e+00
2.3200e+02	1.2800e+02	1.6328e+00	2.2303e-02	0.0000e+00	0.0000e+00
2.4000e+02	1.2800e+02	1.6307e+00	-5.6463e-03	0.0000e+00	0.0000e+00
2.4800e+02	1.2800e+02	1.6246e+00	-5.5982e-03	0.0000e+00	0.0000e+00
8.0000e+00	1.2000e+02	2.3346e-01	1.2449e-01	0.0000e+00	0.0000e+00
1.6000e+01	1.2000e+02	2.8307e-01	1.0963e-01	0.0000e+00	0.0000e+00
2.4000e+01	1.2000e+02	4.0926e-01	8.2487e-02	0.0000e+00	0.0000e+00
3.2000e+01	1.2000e+02	4.5966e-01	6.6508e-02	0.0000e+00	0.0000e+00
4.0000e+01	1.2000e+02	5.7263e-01	7.7800e-02	0.0000e+00	0.0000e+00
4.8000e+01	1.2000e+02	6.2068e-01	5.0873e-02	0.0000e+00	0.0000e+00
5.6000e+01	1.2000e+02	7.8356e-01	5.6126e-02	0.0000e+00	0.0000e+00
6.4000e+01	1.2000e+02	8.3630e-01	8.1672e-02	0.0000e+00	0.0000e+00
7.2000e+01	1.2000e+02	9.0332e-01	9.8462e-02	0.0000e+00	0.0000e+00
8.0000e+01	1.2000e+02	1.0186e+00	9.1899e-02	0.0000e+00	0.0000e+00
8.8000e+01	1.2000e+02	1.0606e+00	2.3753e-02	0.0000e+00	0.0000e+00
9.6000e+01	1.2000e+02	1.1385e+00	3.6215e-04	0.0000e+00	0.0000e+00
1.0400e+02	1.2000e+02	1.1399e+00	7.9476e-02	0.0000e+00	0.0000e+00
1.1200e+02	1.2000e+02	1.1547e+00	7.4224e-02	0.0000e+00	0.0000e+00
1.2000e+02	1.2000e+02	1.2762e+00	4.1877e-02	0.0000e+00	0.0000e+00
1.2800e+02	1.2000e+02	1.3176e+00	3.6474e-02	0.0000e+00	0.0000e+00
1.3600e+02	1.2000e+02	1.3215e+00	5.0972e-02	0.0000e+00	0.0000e+00
1.4400e+02	1.2000e+02	1.3665e+00	1.3401e-02	0.0000e+00	0.0000e+00
1.5200e+02	1.2000e+02	1.3242e+00	1.7990e-02	0.0000e+00	0.0000e+00
1.6000e+02	1.2000e+02	1.4371e+00	4.3365e-02	0.0000e+00	0.0000e+00
1.6800e+02	1.2000e+02	1.5007e+00	2.6044e-02	0.0000e+00	0.0000e+00
1.7600e+02	1.2000e+02	1.5374e+00	2.1650e-02	0.0000e+00	0.0000e+00
1.8400e+02	1.2000e+02	1.5141e+00	1.3976e-02	0.0000e+00	0.0000e+00
1.9200e+02	1.2000e+02	1.5055e+00	2.4364e-02	0.0000e+00	0.0000e+00
2.0000e+02	1.2000e+02	1.5099e+00	6.4173e-03	0.0000e+00	0.0000e+00
2.0800e+02	1.2000e+02	1.5594e+00	-7.1486e-04	0.0000e+00	0.0000e+00
2.1600e+02	1.2000e+02	1.5795e+00	2.8553e-02	0.0000e+00	0.0000e+00
2.2400e+02	1.2000e+02	1.5815e+00	5.7623e-02	0.0000e+00	0.0000e+00
2.3200e+02	1.2000e+02	1.6029e+00	3.3601e-02	0.0000e+00	0.0000e+00
2.4000e+02	1.2000e+02	1.6594e+00	2.0595e-02	0.0000e+00	0.0000e+00
2.4800e+02	1.2000e+02	1.6505e+00	1.8497e-02	0.0000e+00	0.0000e+00
8.0000e+00	1.1200e+02	6.4046e-01	1.9984e-01	0.0000e+00	0.0000e+00
1.6000e+01	1.1200e+02	7.2807e-01	1.7878e-01	0.0000e+00	0.0000e+00
2.4000e+01	1.1200e+02	8.4142e-01	1.7107e-01	0.0000e+00	0.0000e+00
3.2000e+01	1.1200e+02	8.8089e-01	1.9103e-01	0.0000e+00	0.0000e+00
4.0000e+01	1.1200e+02	9.5416e-01	1.8307e-01	0.0000e+00	0.0000e+00
4.8000e+01	1.1200e+02	1.0846e+00	1.5928e-01	0.0000e+00	0.0000e+00
5.6000e+01	1.1200e+02	1.2090e+00	1.7722e-01	0.0000e+00	0.0000e+00
6.4000e+01	1.1200e+02	1.1724e+00	2.1560e-01	0.0000e+00	0.0000e+00
7.2000e+01	1.1200e+02	1.1483e+00	2.0081e-01	0.0000e+00	0.0000e+00
8.0000e+01	1.1200e+02	1.3026e+00	1.6144e-01	0.0000e+00	0.0000e+00
8.8000e+01	1.1200e+02	1.3623e+00	1.2242e-01	0.0000e+00	0.0000e+00
9.6000e+01	1.1200e+02	1.3771e+00	1.0255e-01	0.0000e+00	0.0000e+00
1.0400e+02	1.1200e+02	1.4237e+00	1.0976e-01	0.0000e+00	0.0000e+00
1.1200e+02	1.1200e+02	1.4118e+00	1.0231e-01	0.0000e+00	0.0000e+00
1.2000e+02	1.1200e+02	1.4960e+00	9.2334e-02	0.0000e+00	0.0000e+00
1.2800e+02	1.1200e+02	1.5530e+00	7.0808e-02	0.0000e+00	0.0000e+00
1.3600e+02	1.1200e+02	1.5694e+00	7.1614e-02	0.0000e+00	0.0000e+00
1.4400e+02	1.1200e+02	1.4954e+00	7.1010e-02	0.0000e+00	0.0000e+00
1.5200e+02	1.1200e+02	1.4986e+00	5.2962e-02	0.0000e+00	0.0000e+00
1.6000e+02	1.1200e+02	1.5794e+00	4.2942e-02	0.0000e+00	0.0000e+00
1.6800e+02	1.1200e+02	1.5947e+00	4.5769e-02	0.0000e+00	0.0000e+00
1.7600e+02	1.1200e+02	1.6301e+00	5.4611e-02	0.0000e+00	0.0000e+00
1.8400e+02	1.1200e+02	1.6258e+00	4.1326e-02	0.0000e+00	0.0000e+00
1.9200e+02	1.1200e+02	1.6456e+00	4.1663e-02	0.0000e+00	0.0000e+00
2.0000e+02	1.1200e+02	1.6418e+00	2.3981e-02	0.0000e+00	0.0000e+00
2.0800e+02	1.1200e+02	1.6386e+00	-6.3121e-03	0.0000e+00	0.0000e+00
2.1600e+02	1.1200e+02	1.6682e+00	1.5948e-02	0.0000e+00	0.0000e+00
2.2400e+02	1.1200e+02	1.6740e+00	2.8846e-02	0.0000e+00	0.0000e+00
2.3200e+02	1.1200e+02	1.6828e+00	1.8321e-02	0.0000e+00	0.0000e+00
2.4000e+02	1.1200e+02	1.7033e+00	2.6351e-02	0.0000e+00	0.0000e+00
2.4800e+02	1.1200e+02	1.7049e+00	2.5949e-02	0.0000e+00	0.0000e+00
8.0000e+00	1.0400e+02	1.3799e+00	2.2426e-01	0.0000e+00	0.0000e+00
1.6000e+01	1.0400e+02	1.4362e+00	2.6303e-01	0.0000e+00	0.0000e+00
2.4000e+01	1.0400e+02	1.5062e+00	3.0507e-01	0.0000e+00	0.0000e+00
3.2000e+01	1.0400e+02	1.4912e+00	2.8760e-01	0.0000e+00	0.0000e+00
4.0000e+01	1.0400e+02	1.4751e+00	2.5116e-01	0.0000e+00	0.0000e+00
4.8000e+01	1.0400e+02	1.5283e+00	2.3578e-01	0.0000e+00	0.0000e+00
5.6000e+01	1.0400e+02	1.5504e+00	2.5090e-01	0.0000e+00	0.0000e+00
6.4000e+01	1.0400e+02	1.5196e+00	3.0061e-01	0.0000e+00	0.0000e+00
7.2000e+01	1.0400e+02	1.5117e+00	2.7733e-01	0.0000e+00	0.0000e+00
8.0000e+01	1.0400e+02	1.6652e+00	1.8174e-01	0.0000e+00	0.0000e+00
8.8000e+01	1.0400e+02	1.6781e+00	1.5912e-01	0.0000e+00	0.0000e+00
9.6000e+01	1.0400e+02	1.6784e+00	1.2817e-01	0.0000e+00	0.0000e+00
1.0400e+02	1.0400e+02	1.7017e+00	1.1169e-01	0.0000e+00	0.0000e+00
1.1200e+02	1.0400e+02	1.6720e+00	1.1202e-01	0.0000e+00	0.0000e+00
1.2000e+02	1.0400e+02	1.7000e+00	1.1114e-01	0.0000e+00	0.0000e+00
1.2800e+02	1.0400e+02	1.7628e+00	1.1015e-01	0.0000e+00	0.0000e+00
1.3600e+02	1.0400e+02	1.7877e+00	1.0492e-01	0.0000e+00	0.0000e+00
1.4400e+02	1.0400e+02	1.7522e+00	8.3814e-02	0.0000e+00	0.0000e+00
1.5200e+02	1.0400e+02	1.7650e+00	6.5358e-02	0.0000e+00	0.0000e+00
1.6000e+02	1.0400e+02	1.7292e+00	5.6049e-02	0.0000e+00	0.0000e+00
1.6800e+02	1.0400e+02	1.7037e+00	4.2485e-02	0.0000e+00	0.0000e+00
1.7600e+02	1.0400e+02	1.7042e+00	3.9542e-02	0.0000e+00	0.0000e+00
1.8400e+02	1.0400e+02	1.7009e+00	4.4303e-02	0.0000e+00	0.0000e+00
1.9200e+02	1.0400e+02	1.7286e+00	4.0808e-02	0.0000e+00	0.0000e+00
2.0000e+02	1.0400e+02	1.7126e+00	4.3166e-02	0.0000e+00	0.0000e+00
2.0800e+02	1.0400e+02	1.6955e+00	3.0262e-02	0.0000e+00	0.0000e+00
2.1600e+02	1.0400e+02	1.7205e+00	2.7730e-02	0.0000e+00	0.0000e+00
2.2400e+02	1.0400e+02	1.7194e+00	2.7104e-02	0.0000e+00	0.0000e+00
2.3200e+02	1.0400e+02	1.7137e+00	4.2848e-02	0.0000e+00	0.0000e+00
2.4000e+02	1.0400e+02	1.7213e+00	4.6634e-02	0.0000e+00	0.0000e+00
2.4800e+02	1.0400e+02	1.7363e+00	5.7426e-02	0.0000e+00	0.0000e+00
8.0000e+00	9.6000e+01	2.1114e+00	2.8032e-01	0.0000e+00	0.0000e+00
1.6000e+01	9.6000e+01	2.0188e+00	2.4881e-01	0.0000e+00	0.0000e+00
2.4000e+01	9.6000e+01	2.0081e+00	2.9947e-01	0.0000e+00	0.0000e+00
3.2000e+01	9.6000e+01	1.9543e+00	2.9062e-01	0.0000e+00	0.0000e+00
4.0000e+01	9.6000e+01	1.9607e+00	2.7607e-01	0.0000e+00	0.0000e+00
4.8000e+01	9.6000e+01	1.9178e+00	2.5326e-01	0.0000e+00	0.0000e+00
5.6000e+01	9.6000e+01	1.9320e+00	2.1695e-01	0.0000e+00	0.0000e+00
6.4000e+01	9.6000e+01	1.6771e+00	1.9974e-01	1.0000e+00	0.0000e+00
7.2000e+01	9.6000e+01	1.9099e+00	1.9794e-01	0.0000e+00	0.0000e+00
8.0000e+01	9.6000e+01	1.9096e+00	1.9687e-01	0.0000e+00	0.0000e+00
8.8000e+01	9.6000e+01	1.8782e+00	1.7327e-01	0.0000e+00	0.0000e+00
9.6000e+01	9.6000e+01	1.8521e+00	1.1678e-01	0.0000e+00	0.0000e+00
1.0400e+02	9.6000e+01	1.8552e+00	9.9556e-02	0.0000e+00	0.0000e+00
1.1200e+02	9.6000e+01	1.8154e+00	9.5787e-02	0.0000e+00	0.0000e+00
1.2000e+02	9.6000e+01	1.7934e+00	1.0902e-01	0.0000e+00	0.0000e+00
1.2800e+02	9.6000e+01	1.8001e+00	1.2894e-01	0.0000e+00	0.0000e+00
1.3600e+02	9.6000e+01	1.7898e+00	1.1589e-01	0.0000e+00	0.0000e+00
1.4400e+02	9.6000e+01	1.7840e+00	9.1399e-02	0.0000e+00	0.0000e+00
1.5200e+02	9.6000e+01	1.7794e+00	7.8471e-02	0.0000e+00	0.0000e+00
1.6000e+02	9.6000e+01	1.7673e+00	6.3837e-02	0.0000e+00	0.0000e+00
1.6800e+02	9.6000e+01	1.7301e+00	4.5847e-02	0.0000e+00	0.0000e+00
1.7600e+02	9.6000e+01	1.7139e+00	4.4113e-02	0.0000e+00	0.0000e+00
1.8400e+02	9.6000e+01	1.7188e+00	5.9140e-02	0.0000e+00	0.0000e+00
1.9200e+02	9.6000e+01	1.6934e+00	5.0764e-02	0.0000e+00	0.0000e+00
2.0000e+02	9.6000e+01	1.7080e+00	2.6613e-02	0.0000e+00	0.0000e+00
2.0800e+02	9.6000e+01	1.6636e+00	1.9804e-02	0.0000e+00	0.0000e+00
2.1600e+02	9.6000e+01	1.6843e+00	2.6122e-02	0.0000e+00	0.0000e+00
2.2400e+02	9.6000e+01	1.6764e+00	2.2057e-02	0.0000e+00	0.0000e+00
2.3200e+02	9.6000e+01	1.6574e+00	2.7884e-02	0.0000e+00	0.0000e+00
2.4000e+02	9.6000e+01	1.5835e+00	3.1143e-02	1.0000e+00	0.0000e+00
2.4800e+02	9.6000e+01	1.6795e+00	5.1446e-02	0.0000e+00	0.0000e+00
8.0000e+00	8.8000e+01	2.3212e+00	2.2528e-01	0.0000e+00	0.0000e+00
1.6000e+01	8.8000e+01	2.3004e+00	1.8298e-01	0.0000e+00	0.0000e+00
2.4000e+01	8.8000e+01	2.2493e+00	2.4269e-01	0.0000e+00	0.0000e+00
3.2000e+01	8.8000e+01	2.0982e+00	2.5574e-01	0.0000e+00	0.0000e+00
4.0000e+01	8.8000e+01	2.1203e+00	2.4202e-01	0.0000e+00	0.0000e+00
4.8000e+01	8.8000e+01	2.0464e+00	2.1023e-01	0.0000e+00	0.0000e+00
5.6000e+01	8.8000e+01	2.0438e+00	2.0992e-01	0.0000e+00	0.0000e+00
6.4000e+01	8.8000e+01	1.9986e+00	1.9222e-01	0.0000e+00	0.0000e+00
7.2000e+01	8.8000e+01	1.9379e+00	1.6797e-01	0.0000e+00	0.0000e+00
8.0000e+01	8.8000e+01	1.9058e+00	2.0295e-01	0.0000e+00	0.0000e+00
8.8000e+01	8.8000e+01	1.8803e+00	1.7252e-01	0.0000e+00	0.0000e+00
9.6000e+01	8.8000e+01	1.8108e+00	1.0172e-01	0.0000e+00	0.0000e+00
1.0400e+02	8.8000e+01	1.8139e+00	8.0423e-02	0.0000e+00	0.0000e+00
1.1200e+02	8.8000e+01	1.7719e+00	6.9280e-02	0.0000e+00	0.0000e+00
1.2000e+02	8.8000e+01	1.7296e+00	9.9140e-02	0.0000e+00	0.0000e+00
1.2800e+02	8.8000e+01	1.7050e+00	9.0352e-02	0.0000e+00	0.0000e+00
1.3600e+02	8.8000e+01	1.6669e+00	7.3122e-02	0.0000e+00	0.0000e+00
1.4400e+02	8.8000e+01	1.6843e+00	9.0498e-02	0.0000e+00	0.0000e+00
1.5200e+02	8.8000e+01	1.6859e+00	4.9941e-02	0.0000e+00	0.0000e+00
1.6000e+02	8.8000e+01	1.6670e+00	4.4725e-02	0.0000e+00	0.0000e+00
1.6800e+02	8.8000e+01	1.6505e+00	6.2952e-02	0.0000e+00	0.0000e+00
1.7600e+02	8.8000e+01	1.6307e+00	4.7415e-02	0.0000e+00	0.0000e+00
1.8400e+02	8.8000e+01	1.6067e+00	1.5745e-02	0.0000e+00	0.0000e+00
1.9200e+02	8.8000e+01	1.5693e+00	4.6535e-03	0.0000e+00	0.0000e+00
2.0000e+02	8.8000e+01	1.5994e+00	1.9154e-02	0.0000e+00	0.0000e+00
2.0800e+02	8.8000e+01	1.5445e+00	3.8997e-02	0.0000e+00	0.0000e+00
2.1600e+02	8.8000e+01	1.5341e+00	3.1906e-02	0.0000e+00	0.0000e+00
2.2400e+02	8.8000e+01	1.5282e+00	2.3037e-02	0.0000e+00	0.0000e+00
2.3200e+02	8.8000e+01	1.5067e+00	2.4709e-02	0.0000e+00	0.0000e+00
2.4000e+02	8.8000e+01	1.5729e+00	3.6871e-02	0.0000e+00	0.0000e+00
2.4800e+02	8.8000e+01	1.5233e+00	4.3712e-02	0.0000e+00	0.0000e+00
8.0000e+00	8.0000e+01	2.2650e+00	2.0072e-01	0.0000e+00	0.0000e+00
1.6000e+01	8.0000e+01	2.2090e+00	2.0248e-01	0.0000e+00	0.0000e+00
2.4000e+01	8.0000e+01	2.1492e+00	2.0848e-01	0.0000e+00	0.0000e+00
3.2000e+01	8.0000e+01	2.0284e+00	2.0895e-01	0.0000e+00	0.0000e+00
4.0000e+01	8.0000e+01	1.9996e+00	1.9728e-01	0.0000e+00	0.0000e+00
4.8000e+01	8.0000e+01	1.9079e+00	1.8005e-01	0.0000e+00	0.0000e+00
5.6000e+01	8.0000e+01	1.8427e+00	1.6900e-01	0.0000e+00	0.0000e+00
6.4000e+01	8.0000e+01	1.7925e+00	1.4973e-01	0.0000e+00	0.0000e+00
7.2000e+01	8.0000e+01	1.7447e+00	1.3129e-01	0.0000e+00	0.0000e+00
8.0000e+01	8.0000e+01	1.6689e+00	1.5462e-01	0.0000e+00	0.0000e+00
8.8000e+01	8.0000e+01	1.6408e+00	1.3750e-01	0.0000e+00	0.0000e+00
9.6000e+01	8.0000e+01	1.5952e+00	9.5708e-02	0.0000e+00	0.0000e+00
1.0400e+02	8.0000e+01	1.5553e+00	7.0063e-02	0.0000e+00	0.0000e+00
1.1200e+02	8.0000e+01	1.5300e+00	5.1880e-02	0.0000e+00	0.0000e+00
1.2000e+02	8.0000e+01	1.5291e+00	4.1352e-02	0.0000e+00	0.0000e+00
1.2800e+02	8.0000e+01	1.4820e+00	3.0567e-02	0.0000e+00	0.0000e+00
1.3600e+02	8.0000e+01	1.4283e+00	3.9429e-02	0.0000e+00	0.0000e+00
1.4400e+02	8.0000e+01	1.4218e+00	3.9179e-02	0.0000e+00	0.0000e+00
1.5200e+02	8.0000e+01	1.3057e+00	4.2287e-02	1.0000e+00	0.0000e+00
1.6000e+02	8.0000e+01	1.3543e+00	3.6734e-02	0.0000e+00	0.0000e+00
1.6800e+02	8.0000e+01	1.3803e+00	5.9471e-02	0.0000e+00	0.0000e+00
1.7600e+02	8.0000e+01	1.2829e+00	2.2217e-02	1.0000e+00	0.0000e+00
1.8400e+02	8.0000e+01	1.3778e+00	-3.0136e-02	0.0000e+00	0.0000e+00
1.9200e+02	8.0000e+01	1.3636e+00	-2.6403e-02	0.0000e+00	0.0000e+00
2.0000e+02	8.0000e+01	1.3711e+00	-5.0221e-03	0.0000e+00	0.0000e+00
2.0800e+02	8.0000e+01	1.3414e+00	5.7590e-03	0.0000e+00	0.0000e+00
2.1600e+02	8.0000e+01	1.3178e+00	3.6805e-03	0.0000e+00	0.0000e+00
2.2400e+02	8.0000e+01	1.3128e+00	1.2979e-02	0.0000e+00	0.0000e+00
2.3200e+02	8.0000e+01	1.3033e+00	1.4872e-02	0.0000e+00	0.0000e+00
2.4000e+02	8.0000e+01	1.3433e+00	3.0379e-02	0.0000e+00	0.0000e+00
2.4800e+02	8.0000e+01	1.3265e+00	3.0294e-02	0.0000e+00	0.0000e+00
8.0000e+00	7.2000e+01	1.9071e+00	1.4393e-01	0.0000e+00	0.0000e+00
1.6000e+01	7.2000e+01	1.8475e+00	1.5256e-01	0.0000e+00	0.0000e+00
2.4000e+01	7.2000e+01	1.7913e+00	1.5581e-01	0.0000e+00	0.0000e+00
3.2000e+01	7.2000e+01	1.7272e+00	1.3853e-01	0.0000e+00	0.0000e+00
4.0000e+01	7.2000e+01	1.6246e+00	1.3170e-01	0.0000e+00	0.0000e+00
4.8000e+01	7.2000e+01	1.5419e+00	1.3227e-01	0.0000e+00	0.0000e+00
5.6000e+01	7.2000e+01	1.5069e+00	1.1300e-01	0.0000e+00	0.0000e+00
6.4000e+01	7.2000e+01	1.4441e+00	1.0319e-01	0.0000e+00	0.0000e+00
7.2000e+01	7.2000e+01	1.3509e+00	8.3760e-02	0.0000e+00	0.0000e+00
8.0000e+01	7.2000e+01	1.3011e+00	9.8939e-02	0.0000e+00	0.0000e+00
8.8000e+01	7.2000e+01	1.2417e+00	8.8331e-02	0.0000e+00	0.0000e+00
9.6000e+01	7.2000e+01	1.2317e+00	5.7130e-02	0.0000e+00	0.0000e+00
1.0400e+02	7.2000e+01	1.2217e+00	4.6679e-02	0.0000e+00	0.0000e+00
1.1200e+02	7.2000e+01	1.1965e+00	3.8748e-02	0.0000e+00	0.0000e+00
1.2000e+02	7.2000e+01	1.1426e+00	2.7148e-02	0.0000e+00	0.0000e+00
1.2800e+02	7.2000e+01	1.0994e+00	1.7472e-02	0.0000e+00	0.0000e+00
1.3600e+02	7.2000e+01	1.0712e+00	1.7953e-02	0.0000e+00	0.0000e+00
1.4400e+02	7.2000e+01	1.0509e+00	1.5183e-02	0.0000e+00	0.0000e+00
1.5200e+02	7.2000e+01	1.0379e+00	1.4724e-02	0.0000e+00	0.0000e+00
1.6000e+02	7.2000e+01	1.0371e+00	1.3608e-02	0.0000e+00	0.0000e+00
1.6800e+02	7.2000e+01	1.0448e+00	2.2535e-02	0.0000e+00	0.0000e+00
1.7600e+02	7.2000e+01	1.0322e+00	1.3209e-02	0.0000e+00	0.0000e+00
1.8400e+02	7.2000e+01	1.0359e+00	-1.0186e-02	0.0000e+00	0.0000e+00
1.9200e+02	7.2000e+01	1.0459e+00	-4.4997e-03	0.0000e+00	0.0000e+00
2.0000e+02	7.2000e+01	1.0357e+00	8.2149e-04	0.0000e+00	0.0000e+00
2.0800e+02	7.2000e+01	1.0215e+00	6.9971e-04	0.0000e+00	0.0000e+00
2.1600e+02	7.2000e+01	9.7447e-01	4.0983e-02	0.0000e+00	0.0000e+00
2.2400e+02	7.2000e+01	9.8393e-01	4.7297e-02	0.0000e+00	0.0000e+00
2.3200e+02	7.2000e+01	1.0044e+00	-5.4057e-02	0.0000e+00	0.0000e+00
2.4000e+02	7.2000e+01	1.0252e+00	-3.5271e-02	0.0000e+00	0.0000e+00
2.4800e+02	7.2000e+01	9.8361e-01	5.8881e-03	0.0000e+00	0.0000e+00
8.0000e+00	6.4000e+01	1.1950e+00	6.9725e-02	0.0000e+00	0.0000e+00
1.6000e+01	6.4000e+01	1.2427e+00	9.9935e-02	0.0000e+00	0.0000e+00
2.4000e+01	6.4000e+01	1.1814e+00	5.4573e-02	0.0000e+00	0.0000e+00
3.2000e+01	6.4000e+01	1.0823e+00	5.7419e-03	0.0000e+00	0.0000e+00
4.0000e+01	6.4000e+01	9.9829e-01	5.8386e-02	0.0000e+00	0.0000e+00
4.8000e+01	6.4000e+01	9.1920e-01	2.3157e-02	0.0000e+00	0.0000e+00
5.6000e+01	6.4000e+01	8.8432e-01	4.6907e-02	0.0000e+00	0.0000e+00
6.4000e+01	6.4000e+01	8.4347e-01	6.7746e-02	0.0000e+00	0.0000e+00
7.2000e+01	6.4000e+01	7.1903e-01	4.4383e-02	0.0000e+00	0.0000e+00
8.0000e+01	6.4000e+01	7.6027e-01	6.1846e-02	0.0000e+00	0.0000e+00
8.8000e+01	6.4000e+01	7.2312e-01	6.0393e-02	0.0000e+00	0.0000e+00
9.6000e+01	6.4000e+01	6.9332e-01	5.3037e-02	0.0000e+00	0.0000e+00
1.0400e+02	6.4000e+01	6.9670e-01	1.6314e-02	0.0000e+00	0.0000e+00
1.1200e+02	6.4000e+01	6.4776e-01	9.7912e-03	0.0000e+00	0.0000e+00
1.2000e+02	6.4000e+01	6.7882e-01	3.0979e-02	0.0000e+00	0.0000e+00
1.2800e+02	6.4000e+01	7.2438e-01	7.7622e-03	0.0000e+00	0.0000e+00
1.3600e+02	6.4000e+01	6.7239e-01	4.4306e-03	0.0000e+00	0.0000e+00
1.4400e+02	6.4000e+01	6.6744e-01	1.7456e-03	0.0000e+00	0.0000e+00
1.5200e+02	6.4000e+01	6.2623e-01	1.4703e-02	0.0000e+00	0.0000e+00
1.6000e+02	6.4000e+01	6.4749e-01	1.6575e-02	0.0000e+00	0.0000e+00
1.6800e+02	6.4000e+01	6.9195e-01	1.9335e-03	0.0000e+00	0.0000e+00
1.7600e+02	6.4000e+01	6.6428e-01	4.5585e-03	0.0000e+00	0.0000e+00
1.8400e+02	6.4000e+01	6.6951e-01	-1.2916e-02	0.0000e+00	0.0000e+00
1.9200e+02	6.4000e+01	6.9702e-01	9.5380e-03	0.0000e+00	0.0000e+00
2.0000e+02	6.4000e+01	7.0942e-01	-1.7432e-02	0.0000e+00	0.0000e+00
2.0800e+02	6.4000e+01	6.9644e-01	-2.4008e-02	0.0000e+00	0.0000e+00
2.1600e+02	6.4000e+01	6.4738e-01	3.8040e-02	0.0000e+00	0.0000e+00
2.2400e+02	6.4000e+01	5.8682e-01	-5.4000e-03	0.0000e+00	0.0000e+00
2.3200e+02	6.4000e+01	5.9774e-01	-7.6103e-02	0.0000e+00	0.0000e+00
2.4000e+02	6.4000e+01	6.4568e-01	-7.1651e-02	0.0000e+00	0.0000e+00
2.4800e+02	6.4000e+01	6.3945e-01	5.2308e-03	0.0000e+00	0.0000e+00
8.0000e+00	5.6000e+01	4.3645e-01	7.3006e-03	0.0000e+00	0.0000e+00
1.6000e+01	5.6000e+01	4.3063e-01	1.0975e-02	0.0000e+00	0.0000e+00
2.4000e+01	5.6000e+01	4.0042e-01	1.0385e-01	0.0000e+00	0.0000e+00
3.2000e+01	5.6000e+01	4.8680e-01	1.4161e-01	0.0000e+00	0.0000e+00
4.0000e+01	5.6000e+01	3.4841e-01	-3.8095e-03	0.0000e+00	0.0000e+00
4.8000e+01	5.6000e+01	6.0651e-01	5.1141e-02	1.0000e+00	0.0000e+00
5.6000e+01	5.6000e+01	5.7288e-01	4.1816e-02	1.0000e+00	0.0000e+00
6.4000e+01	5.6000e+01	2.4128e-01	7.3216e-02	0.0000e+00	0.0000e+00
7.2000e+01	5.6000e+01	2.7314e-01	-2.1917e-02	0.0000e+00	0.0000e+00
8.0000e+01	5.6000e+01	4.3822e-01	4.1581e-02	0.0000e+00	0.0000e+00
8.8000e+01	5.6000e+01	3.8815e-01	4.1769e-02	0.0000e+00	0.0000e+00
9.6000e+01	5.6000e+01	2.6230e-01	3.5797e-02	0.0000e+00	0.0000e+00
1.0400e+02	5.6000e+01	3.2362e-01	1.2277e-02	0.0000e+00	0.0000e+00
1.1200e+02	5.6000e+01	2.3694e-01	-8.9888e-03	0.0000e+00	0.0000e+00
1.2000e+02	5.6000e+01	2.5037e-01	-6.0865e-03	0.0000e+00	0.0000e+00
1.2800e+02	5.6000e+01	3.1068e-01	-9.6591e-03	0.0000e+00	0.0000e+00
1.3600e+02	5.6000e+01	3.0885e-01	3.1016e-02	0.0000e+00	0.0000e+00
1.4400e+02	5.6000e+01	3.6305e-01	1.6493e-02	0.0000e+00	0.0000e+00
1.5200e+02	5.6000e+01	4.4923e-01	3.1491e-02	1.0000e+00	0.0000e+00
1.6000e+02	5.6000e+01	3.5773e-01	2.1516e-02	0.0000e+00	0.0000e+00
1.6800e+02	5.6000e+01	3.1838e-01	-2.0417e-02	0.0000e+00	0.0000e+00
1.7600e+02	5.6000e+01	2.5764e-01	-3.1434e-02	0.0000e+00	0.0000e+00
1.8400e+02	5.6000e+01	3.0403e-01	-2.0666e-02	0.0000e+00	0.0000e+00
1.9200e+02	5.6000e+01	3.1211e-01	8.2866e-03	0.0000e+00	0.0000e+00
2.0000e+02	5.6000e+01	3.6321e-01	-6.9884e-03	0.0000e+00	0.0000e+00
2.0800e+02	5.6000e+01	3.1264e-01	-4.9951e-02	0.0000e+00	0.0000e+00
2.1600e+02	5.6000e+01	2.3751e-01	-4.9952e-02	0.0000e+00	0.0000e+00
2.2400e+02	5.6000e+01	2.6305e-01	-4.2093e-03	0.0000e+00	0.0000e+00
2.3200e+02	5.6000e+01	3.1036e-01	2.6861e-03	0.0000e+00	0.0000e+00
2.4000e+02	5.6000e+01	2.6237e-01	-4.3281e-03	0.0000e+00	0.0000e+00
2.4800e+02	5.6000e+01	1.9788e-01	6.4596e-02	0.0000e+00	0.0000e+00
8.0000e+00	4.8000e+01	-1.8089e-01	-5.5734e-03	0.0000e+00	0.0000e+00
1.6000e+01	4.8000e+01	-1.8932e-01	2.7467e-02	0.0000e+00	0.0000e+00
2.4000e+01	4.8000e+01	-3.6243e-01	2.7633e-02	0.0000e+00	0.0000e+00
3.2000e+01	4.8000e+01	-1.9003e-01	7.0069e-03	0.0000e+00	0.0000e+00
4.0000e+01	4.8000e+01	-1.7634e-01	1.7905e-02	0.0000e+00	0.0000e+00
4.8000e+01	4.8000e+01	2.8672e-01	2.8446e-02	1.0000e+00	0.0000e+00
5.6000e+01	4.8000e+01	-1.0571e-01	-1.3245e-02	0.0000e+00	0.0000e+00
6.4000e+01	4.8000e+01	-1.0505e-02	5.5223e-03	0.0000e+00	0.0000e+00
7.2000e+01	4.8000e+01	-1.1322e-01	-1.0389e-02	0.0000e+00	0.0000e+00
8.0000e+01	4.8000e+01	-1.4175e-01	-1.0444e-01	0.0000e+00	0.0000e+00
8.8000e+01	4.8000e+01	1.4464e-01	-6.2219e-04	0.0000e+00	0.0000e+00
9.6000e+01	4.8000e+01	-2.0337e-02	-9.5773e-03	0.0000e+00	0.0000e+00
1.0400e+02	4.8000e+01	-1.3958e-02	-1.6475e-02	0.0000e+00	0.0000e+00
1.1200e+02	4.8000e+01	-4.8527e-02	-3.1763e-02	0.0000e+00	0.0000e+00
1.2000e+02	4.8000e+01	-4.0001e-02	-1.8635e-02	0.0000e+00	0.0000e+00
1.2800e+02	4.8000e+01	-2.8022e-02	-9.6307e-03	0.0000e+00	0.0000e+00
1.3600e+02	4.8000e+01	7.3007e-03	1.1505e-01	0.0000e+00	0.0000e+00
1.4400e+02	4.8000e+01	1.6701e-02	1.3185e-01	0.0000e+00	0.0000e+00
1.5200e+02	4.8000e+01	1.0185e-01	6.5171e-03	0.0000e+00	0.0000e+00
1.6000e+02	4.8000e+01	2.5010e-02	1.6709e-01	0.0000e+00	0.0000e+00
1.6800e+02	4.8000e+01	-2.2617e-02	-2.0381e-02	0.0000e+00	0.0000e+00
1.7600e+02	4.8000e+01	2.6545e-01	4.1155e-03	1.0000e+00	0.0000e+00
1.8400e+02	4.8000e+01	5.8727e-02	-5.6661e-02	0.0000e+00	0.0000e+00
1.9200e+02	4.8000e+01	4.2317e-02	-4.2348e-02	0.0000e+00	0.0000e+00
2.0000e+02	4.8000e+01	9.4064e-02	4.4773e-02	0.0000e+00	0.0000e+00
2.0800e+02	4.8000e+01	4.7129e-02	-3.7041e-02	0.0000e+00	0.0000e+00
2.1600e+02	4.8000e+01	-1.7588e-02	-9.4774e-02	0.0000e+00	0.0000e+00
2.2400e+02	4.8000e+01	4.6799e-03	8.2018e-02	0.0000e+00	0.0000e+00
2.3200e+02	4.8000e+01	1.2397e-01	9.1468e-02	0.0000e+00	0.0000e+00
2.4000e+02	4.8000e+01	4.1933e-02	-1.2184e-01	0.0000e+00	0.0000e+00
2.4800e+02	4.8000e+01	8.0691e-02	7.9323e-02	0.0000e+00	0.0000e+00
8.0000e+00	4.0000e+01	6.9722e-04	2.6932e-02	1.0000e+00	0.0000e+00
1.6000e+01	4.0000e+01	1.2527e-02	3.1811e-02	1.0000e+00	0.0000e+00
2.4000e+01	4.0000e+01	1.6397e-02	2.8833e-02	1.0000e+00	0.0000e+00
3.2000e+01	4.0000e+01	5.1025e-02	3.0993e-02	1.0000e+00	0.0000e+00
4.0000e+01	4.0000e+01	7.0951e-02	2.8183e-02	1.0000e+00	0.0000e+00
4.8000e+01	4.0000e+01	9.1785e-02	2.2675e-02	1.0000e+00	0.0000e+00
5.6000e+01	4.0000e+01	9.4039e-02	1.1006e-02	1.0000e+00	0.0000e+00
6.4000e+01	4.0000e+01	1.0599e-01	3.6315e-03	1.0000e+00	0.0000e+00
7.2000e+01	4.0000e+01	9.7752e-02	-1.4091e-03	1.0000e+00	0.0000e+00
8.0000e+01	4.0000e+01	9.3054e-02	-3.9508e-03	1.0000e+00	0.0000e+00
8.8000e+01	4.0000e+01	9.8358e-02	-8.0066e-03	1.0000e+00	0.0000e+00
9.6000e+01	4.0000e+01	1.0141e-01	-7.6462e-03	1.0000e+00	0.0000e+00
1.0400e+02	4.0000e+01	9.9202e-02	-3.5084e-03	1.0000e+00	0.0000e+00
1.1200e+02	4.0000e+01	8.9402e-02	-1.2546e-03	1.0000e+00	0.0000e+00
1.2000e+02	4.0000e+01	9.4337e-02	9.8715e-03	1.0000e+00	0.0000e+00
1.2800e+02	4.0000e+01	1.0051e-01	2.3438e-02	1.0000e+00	0.0000e+00
1.3600e+02	4.0000e+01	1.2050e-01	3.3078e-02	1.0000e+00	0.0000e+00
1.4400e+02	4.0000e+01	1.3432e-01	4.5413e-02	1.0000e+00	0.0000e+00
1.5200e+02	4.0000e+01	1.4175e-01	4.3933e-02	1.0000e+00	0.0000e+00
1.6000e+02	4.0000e+01	1.5450e-01	3.3000e-02	1.0000e+00	0.0000e+00
1.6800e+02	4.0000e+01	1.5755e-01	1.6144e-02	1.0000e+00	0.0000e+00
1.7600e+02	4.0000e+01	1.5248e-01	5.1663e-03	1.0000e+00	0.0000e+00
1.8400e+02	4.0000e+01	1.5480e-01	-8.2667e-03	1.0000e+00	0.0000e+00
1.9200e+02	4.0000e+01	1.5556e-01	-1.4411e-02	1.0000e+00	0.0000e+00
2.0000e+02	4.0000e+01	1.4178e-01	-2.0514e-02	1.0000e+00	0.0000e+00
2.0800e+02	4.0000e+01	1.3525e-01	-1.3297e-02	1.0000e+00	0.0000e+00
2.1600e+02	4.0000e+01	1.3592e-01	-5.2621e-03	1.0000e+00	0.0000e+00
2.2400e+02	4.0000e+01	1.2931e-01	-7.7064e-03	1.0000e+00	0.0000e+00
2.3200e+02	4.0000e+01	1.2693e-01	5.3889e-03	1.0000e+00	0.0000e+00
2.4000e+02	4.0000e+01	1.3120e-01	1.4823e-02	1.0000e+00	0.0000e+00
2.4800e+02	4.0000e+01	1.3583e-01	1.5203e-02	1.0000e+00	0.0000e+00
8.0000e+00	3.2000e+01	-1.2975e-01	2.1899e-02	1.0000e+00	0.0000e+00
1.6000e+01	3.2000e+01	-1.1974e-01	2.1586e-02	1.0000e+00	0.0000e+00
2.4000e+01	3.2000e+01	-1.1039e-01	2.1198e-02	1.0000e+00	0.0000e+00
3.2000e+01	3.2000e+01	-7.9854e-02	2.0969e-02	1.0000e+00	0.0000e+00
4.0000e+01	3.2000e+01	-6.1444e-02	1.5892e-02	1.0000e+00	0.0000e+00
4.8000e+01	3.2000e+01	-2.8289e-02	1.0406e-02	1.0000e+00	0.0000e+00
5.6000e+01	3.2000e+01	-1.1788e-02	3.9131e-03	1.0000e+00	0.0000e+00
6.4000e+01	3.2000e+01	1.9251e-03	-6.7887e-03	1.0000e+00	0.0000e+00
7.2000e+01	3.2000e+01	8.0541e-03	-1.2425e-02	1.0000e+00	0.0000e+00
8.0000e+01	3.2000e+01	2.0055e-02	-1.5287e-02	1.0000e+00	0.0000e+00
8.8000e+01	3.2000e+01	2.4410e-02	-1.6992e-02	1.0000e+00	0.0000e+00
9.6000e+01	3.2000e+01	3.0600e-02	-1.6449e-02	1.0000e+00	0.0000e+00
1.0400e+02	3.2000e+01	3.7141e-02	-8.8246e-03	1.0000e+00	0.0000e+00
1.1200e+02	3.2000e+01	3.1054e-02	-2.2744e-03	1.0000e+00	0.0000e+00
1.2000e+02	3.2000e+01	3.5069e-02	1.2001e-02	1.0000e+00	0.0000e+00
1.2800e+02	3.2000e+01	4.1014e-02	2.8612e-02	1.0000e+00	0.0000e+00
1.3600e+02	3.2000e+01	5.4030e-02	3.9238e-02	1.0000e+00	0.0000e+00
1.4400e+02	3.2000e+01	6.5192e-02	5.2166e-02	1.0000e+00	0.0000e+00
1.5200e+02	3.2000e+01	7.3930e-02	5.1226e-02	1.0000e+00	0.0000e+00
1.6000e+02	3.2000e+01	9.0186e-02	4.1298e-02	1.0000e+00	0.0000e+00
1.6800e+02	3.2000e+01	9.6726e-02	2.3061e-02	1.0000e+00	0.0000e+00
1.7600e+02	3.2000e+01	9.7976e-02	9.9568e-03	1.0000e+00	0.0000e+00
1.8400e+02	3.2000e+01	1.0077e-01	-5.0592e-03	1.0000e+00	0.0000e+00
1.9200e+02	3.2000e+01	1.0228e-01	-1.1918e-02	1.0000e+00	0.0000e+00
2.0000e+02	3.2000e+01	8.9424e-02	-1.8113e-02	1.0000e+00	0.0000e+00
2.0800e+02	3.2000e+01	8.4690e-02	-1.0959e-02	1.0000e+00	0.0000e+00
2.1600e+02	3.2000e+01	8.6019e-02	-1.6293e-03	1.0000e+00	0.0000e+00
2.2400e+02	3.2000e+01	8.3889e-02	-3.2105e-03	1.0000e+00	0.0000e+00
2.3200e+02	3.2000e+01	8.6814e-02	6.5996e-03	1.0000e+00	0.0000e+00
2.4000e+02	3.2000e+01	9.0773e-02	1.4220e-02	1.0000e+00	0.0000e+00
2.4800e+02	3.2000e+01	9.6345e-02	1.3696e-02	1.0000e+00	0.0000e+00
8.0000e+00	2.4000e+01	-1.0113e-01	2.3247e-02	1.0000e+00	0.0000e+00
1.6000e+01	2.4000e+01	-9.2008e-02	2.3450e-02	1.0000e+00	0.0000e+00
2.4000e+01	2.4000e+01	-8.3041e-02	2.2776e-02	1.0000e+00	0.0000e+00
3.2000e+01	2.4000e+01	-6.7699e-02	2.0815e-02	1.0000e+00	0.0000e+00
4.0000e+01	2.4000e+01	-4.8867e-02	1.6503e-02	1.0000e+00	0.0000e+00
4.8000e+01	2.4000e+01	-2.5019e-02	1.0752e-02	1.0000e+00	0.0000e+00
5.6000e+01	2.4000e+01	-8.2339e-03	3.5056e-03	1.0000e+00	0.0000e+00
6.4000e+01	2.4000e+01	7.1787e-03	-3.7544e-03	1.0000e+00	0.0000e+00
7.2000e+01	2.4000e+01	2.1394e-02	-9.3723e-03	1.0000e+00	0.0000e+00
8.0000e+01	2.4000e+01	3.2127e-02	-1.3133e-02	1.0000e+00	0.0000e+00
8.8000e+01	2.4000e+01	3.7743e-02	-1.4164e-02	1.0000e+00	0.0000e+00
9.6000e+01	2.4000e+01	4.2246e-02	-1.2418e-02	1.0000e+00	0.0000e+00
1.0400e+02	2.4000e+01	4.5335e-02	-7.1771e-03	1.0000e+00	0.0000e+00
1.1200e+02	2.4000e+01	4.6360e-02	1.4610e-03	1.0000e+00	0.0000e+00
1.2000e+02	2.4000e+01	4.9996e-02	1.3074e-02	1.0000e+00	0.0000e+00
1.2800e+02	2.4000e+01	5.5896e-02	2.6422e-02	1.0000e+00	0.0000e+00
1.3600e+02	2.4000e+01	6.4646e-02	3.7790e-02	1.0000e+00	0.0000e+00
1.4400e+02	2.4000e+01	7.5348e-02	4.4664e-02	1.0000e+00	0.0000e+00
1.5200e+02	2.4000e+01	8.6000e-02	4.4026e-02	1.0000e+00	0.0000e+00
1.6000e+02	2.4000e+01	9.3665e-02	3.7179e-02	1.0000e+00	0.0000e+00
1.6800e+02	2.4000e+01	9.9739e-02	2.3808e-02	1.0000e+00	0.0000e+00
1.7600e+02	2.4000e+01	1.0428e-01	9.8712e-03	1.0000e+00	0.0000e+00
1.8400e+02	2.4000e+01	1.0432e-01	-2.7830e-03	1.0000e+00	0.0000e+00
1.9200e+02	2.4000e+01	1.0272e-01	-1.0524e-02	1.0000e+00	0.0000e+00
2.0000e+02	2.4000e+01	1.0055e-01	-1.3338e-02	1.0000e+00	0.0000e+00
2.0800e+02	2.4000e+01	9.7332e-02	-1.1330e-02	1.0000e+00	0.0000e+00
2.1600e+02	2.4000e+01	9.4911e-02	-6.3589e-03	1.0000e+00	0.0000e+00
2.2400e+02	2.4000e+01	9.4855e-02	-4.8873e-06	1.0000e+00	0.0000e+00
2.3200e+02	2.4000e+01	9.6833e-02	6.4395e-03	1.0000e+00	0.0000e+00
2.4000e+02	2.4000e+01	9.7761e-02	9.5897e-03	1.0000e+00	0.0000e+00
2.4800e+02	2.4000e+01	9.9882e-02	1.3040e-02	1.0000e+00	0.0000e+00
8.0000e+00	1.6000e+01	-1.3988e-01	2.1065e-02	1.0000e+00	0.0000e+00
1.6000e+01	1.6000e+01	-1.3227e-01	2.0980e-02	1.0000e+00	0.0000e+00
2.4000e+01	1.6000e+01	-1.2461e-01	2.0032e-02	1.0000e+00	0.0000e+00
3.2000e+01	1.6000e+01	-1.1063e-01	1.7538e-02	1.0000e+00	0.0000e+00
4.0000e+01	1.6000e+01	-9.1770e-02	1.3227e-02	1.0000e+00	0.0000e+00
4.8000e+01	1.6000e+01	-6.7713e-02	7.2562e-03	1.0000e+00	0.0000e+00
5.6000e+01	1.6000e+01	-4.7720e-02	-1.5951e-06	1.0000e+00	0.0000e+00
6.4000e+01	1.6000e+01	-2.7342e-02	-7.2606e-03	1.0000e+00	0.0000e+00
7.2000e+01	1.6000e+01	-8.3551e-03	-1.2571e-02	1.0000e+00	0.0000e+00
8.0000e+01	1.6000e+01	6.1024e-03	-1.6263e-02	1.0000e+00	0.0000e+00
8.8000e+01	1.6000e+01	1.5377e-02	-1.7036e-02	1.0000e+00	0.0000e+00
9.6000e+01	1.6000e+01	2.2274e-02	-1.4618e-02	1.0000e+00	0.0000e+00
1.0400e+02	1.6000e+01	2.6331e-02	-8.4894e-03	1.0000e+00	0.0000e+00
1.1200e+02	1.6000e+01	2.8091e-02	9.4864e-04	1.0000e+00	0.0000e+00
1.2000e+02	1.6000e+01	3.1685e-02	1.3555e-02	1.0000e+00	0.0000e+00
1.2800e+02	1.6000e+01	3.7057e-02	2.7693e-02	1.0000e+00	0.0000e+00
1.3600e+02	1.6000e+01	4.5012e-02	3.9456e-02	1.0000e+00	0.0000e+00
1.4400e+02	1.6000e+01	5.4679e-02	4.6782e-02	1.0000e+00	0.0000e+00
1.5200e+02	1.6000e+01	6.4526e-02	4.6418e-02	1.0000e+00	0.0000e+00
1.6000e+02	1.6000e+01	7.2865e-02	3.9360e-02	1.0000e+00	0.0000e+00
1.6800e+02	1.6000e+01	7.9704e-02	2.5699e-02	1.0000e+00	0.0000e+00
1.7600e+02	1.6000e+01	8.4701e-02	1.1453e-02	1.0000e+00	0.0000e+00
1.8400e+02	1.6000e+01	8.6157e-02	-1.4978e-03	1.0000e+00	0.0000e+00
1.9200e+02	1.6000e+01	8.5960e-02	-9.7318e-03	1.0000e+00	0.0000e+00
2.0000e+02	1.6000e+01	8.4270e-02	-1.2827e-02	1.0000e+00	0.0000e+00
2.0800e+02	1.6000e+01	8.1974e-02	-1.0439e-02	1.0000e+00	0.0000e+00
2.1600e+02	1.6000e+01	8.0997e-02	-5.4028e-03	1.0000e+00	0.0000e+00
2.2400e+02	1.6000e+01	8.1585e-02	4.5481e-04	1.0000e+00	0.0000e+00
2.3200e+02	1.6000e+01	8.4043e-02	6.8321e-03	1.0000e+00	0.0000e+00
2.4000e+02	1.6000e+01	8.5595e-02	1.0086e-02	1.0000e+00	0.0000e+00
2.4800e+02	1.6000e+01	8.8114e-02	1.2888e-02	1.0000e+00	0.0000e+00
8.0000e+00	8.0000e+00	-1.4868e-01	2.0550e-02	1.0000e+00	0.0000e+00
1.6000e+01	8.0000e+00	-1.4386e-01	2.0128e-02	1.0000e+00	0.0000e+00
2.4000e+01	8.0000e+00	-1.3747e-01	1.9116e-02	1.0000e+00	0.0000e+00
3.2000e+01	8.0000e+00	-1.2638e-01	1.6410e-02	1.0000e+00	0.0000e+00
4.0000e+01	8.0000e+00	-1.0948e-01	1.1686e-02	1.0000e+00	0.0000e+00
4.8000e+01	8.0000e+00	-8.6559e-02	5.7540e-03	1.0000e+00	0.0000e+00
5.6000e+01	8.0000e+00	-6.3858e-02	-1.1873e-03	1.0000e+00	0.0000e+00
6.4000e+01	8.0000e+00	-4.1166e-02	-8.4539e-03	1.0000e+00	0.0000e+00
7.2000e+01	8.0000e+00	-1.8544e-02	-1.3481e-02	1.0000e+00	0.0000e+00
8.0000e+01	8.0000e+00	-1.3031e-03	-1.6619e-02	1.0000e+00	0.0000e+00
8.8000e+01	8.0000e+00	9.5904e-03	-1.7441e-02	1.0000e+00	0.0000e+00
9.6000e+01	8.0000e+00	1.7189e-02	-1.4714e-02	1.0000e+00	0.0000e+00
1.0400e+02	8.0000e+00	2.1999e-02	-8.2499e-03	1.0000e+00	0.0000e+00
1.1200e+02	8.0000e+00	2.3990e-02	1.1700e-03	1.0000e+00	0.0000e+00
1.2000e+02	8.0000e+00	2.7614e-02	1.3921e-02	1.0000e+00	0.0000e+00
1.2800e+02	8.0000e+00	3.3396e-02	2.7907e-02	1.0000e+00	0.0000e+00
1.3600e+02	8.0000e+00	4.1180e-02	3.9131e-02	1.0000e+00	0.0000e+00
1.4400e+02	8.0000e+00	4.9105e-02	4.6428e-02	1.0000e+00	0.0000e+00
1.5200e+02	8.0000e+00	5.7132e-02	4.6563e-02	1.0000e+00	0.0000e+00
1.6000e+02	8.0000e+00	6.4474e-02	3.9423e-02	1.0000e+00	0.0000e+00
1.6800e+02	8.0000e+00	7.0129e-02	2.6195e-02	1.0000e+00	0.0000e+00
1.7600e+02	8.0000e+00	7.3342e-02	1.2301e-02	1.0000e+00	0.0000e+00
1.8400e+02	8.0000e+00	7.6362e-02	-1.8676e-04	1.0000e+00	0.0000e+00
1.9200e+02	8.0000e+00	7.8106e-02	-8.9102e-03	1.0000e+00	0.0000e+00
2.0000e+02	8.0000e+00	7.7550e-02	-1.2676e-02	1.0000e+00	0.0000e+00
2.0800e+02	8.0000e+00	7.6960e-02	-9.9025e-03	1.0000e+00	0.0000e+00
2.1600e+02	8.0000e+00	7.8140e-02	-4.8026e-03	1.0000e+00	0.0000e+00
2.2400e+02	8.0000e+00	7.8763e-02	3.9818e-05	1.0000e+00	0.0000e+00
2.3200e+02	8.0000e+00	8.0729e-02	6.5602e-03	1.0000e+00	0.0000e+00
2.4000e+02	8.0000e+00	8.2498e-02	1.0405e-02	1.0000e+00	0.0000e+00
2.4800e+02	8.0000e+00	8.4798e-02	1.2412e-02	1.0000e+00	0.0000e+00
