# x	y	u	v	flags	mask
8.0000e+00	2.4800e+02	3.2038e+00	3.9633e-02	0.0000e+00	0.0000e+00
1.6000e+01	2.4800e+02	3.1716e+00	3.9436e-02	0.0000e+00	0.0000e+00
2.4000e+01	2.4800e+02	3.1474e+00	1.1088e-02	1.0000e+00	0.0000e+00
3.2000e+01	2.4800e+02	3.1396e+00	2.7880e-02	1.0000e+00	0.0000e+00
4.0000e+01	2.4800e+02	3.1636e+00	1.3135e-01	0.0000e+00	0.0000e+00
4.8000e+01	2.4800e+02	3.1331e+00	1.4777e-01	0.0000e+00	0.0000e+00
5.6000e+01	2.4800e+02	3.0524e+00	1.2658e-01	0.0000e+00	0.0000e+00
6.4000e+01	2.4800e+02	3.0099e+00	2.0136e-01	0.0000e+00	0.0000e+00
7.2000e+01	2.4800e+02	2.9889e+00	1.6440e-01	0.0000e+00	0.0000e+00
8.0000e+01	2.4800e+02	3.0058e+00	1.9547e-02	0.0000e+00	0.0000e+00
8.8000e+01	2.4800e+02	2.8113e+00	-1.8260e-01	1.0000e+00	0.0000e+00
9.6000e+01	2.4800e+02	2.7691e+00	-3.0003e-01	0.0000e+00	0.0000e+00
1.0400e+02	2.4800e+02	2.5766e+00	-3.7887e-01	0.0000e+00	0.0000e+00
1.1200e+02	2.4800e+02	2.3709e+00	-3.1026e-01	0.0000e+00	0.0000e+00
1.2000e+02	2.4800e+02	2.5197e+00	-3.1392e-01	1.0000e+00	0.0000e+00
1.2800e+02	2.4800e+02	2.2359e+00	-2.8128e-01	0.0000e+00	0.0000e+00
1.3600e+02	2.4800e+02	2.2763e+00	-2.3559e-01	0.0000e+00	0.0000e+00
1.4400e+02	2.4800e+02	2.3665e+00	-1.6837e-01	0.0000e+00	0.0000e+00
1.5200e+02	2.4800e+02	2.5247e+00	-9.1582e-02	0.0000e+00	0.0000e+00
1.6000e+02	2.4800e+02	2.7694e+00	-1.4321e-01	1.0000e+00	0.0000e+00
1.6800e+02	2.4800e+02	2.8078e+00	-1.6488e-01	1.0000e+00	0.0000e+00
1.7600e+02	2.4800e+02	2.8034e+00	-1.8741e-01	1.0000e+00	0.0000e+00
1.8400e+02	2.4800e+02	2.6329e+00	-2.7712e-01	0.0000e+00	0.0000e+00
1.9200e+02	2.4800e+02	2.5407e+00	-1.9764e-01	0.0000e+00	0.0000e+00
2.0000e+02	2.4800e+02	2.7557e+00	-8.9708e-02	1.0000e+00	0.0000e+00
2.0800e+02	2.4800e+02	2.6339e+00	-6.6148e-02	0.0000e+00	0.0000e+00
2.1600e+02	2.4800e+02	2.8090e+00	7.2718e-02	1.0000e+00	0.0000e+00
2.2400e+02	2.4800e+02	2.7688e+00	6.8187e-02	0.0000e+00	0.0000e+00
2.3200e+02	2.4800e+02	2.8478e+00	1.7430e-01	0.0000e+00	0.0000e+00
2.4000e+02	2.4800e+02	2.9864e+00	2.5118e-01	0.0000e+00	0.0000e+00
2.4800e+02	2.4800e+02	2.9892e+00	1.9491e-01	0.0000e+00	0.0000e+00
8.0000e+00	2.4000e+02	3.1613e+00	-3.3565e-02	0.0000e+00	0.0000e+00
1.6000e+01	2.4000e+02	3.1294e+00	-2.2388e-02	1.0000e+00	0.0000e+00
2.4000e+01	2.4000e+02	3.1275e+00	-1.3912e-02	1.0000e+00	0.0000e+00
3.2000e+01	2.4000e+02	3.1199e+00	-3.0167e-03	1.0000e+00	0.0000e+00
4.0000e+01	2.4000e+02	3.1930e+00	7.7731e-02	0.0000e+00	0.0000e+00
4.8000e+01	2.4000e+02	3.1265e+00	1.1707e-01	0.0000e+00	0.0000e+00
5.6000e+01	2.4000e+02	3.0371e+00	4.2695e-02	1.0000e+00	0.0000e+00
6.4000e+01	2.4000e+02	2.9765e+00	2.9564e-01	0.0000e+00	0.0000e+00
7.2000e+01	2.4000e+02	2.9439e+00	-2.8045e-02	1.0000e+00	0.0000e+00
8.0000e+01	2.4000e+02	2.8692e+00	-1.8052e-02	0.0000e+00	0.0000e+00
8.8000e+01	2.4000e+02	2.8047e+00	-2.3422e-01	0.0000e+00	0.0000e+00
9.6000e+01	2.4000e+02	2.6790e+00	-3.7547e-01	0.0000e+00	0.0000e+00
1.0400e+02	2.4000e+02	2.6791e+00	-3.1044e-01	1.0000e+00	0.0000e+00
1.1200e+02	2.4000e+02	2.6220e+00	-3.2029e-01	1.0000e+00	0.0000e+00
1.2000e+02	2.4000e+02	2.3148e+00	-3.5360e-01	0.0000e+00	0.0000e+00
1.2800e+02	2.4000e+02	2.6115e+00	-2.5916e-01	1.0000e+00	0.0000e+00
1.3600e+02	2.4000e+02	2.6551e+00	-2.1849e-01	1.0000e+00	0.0000e+00
1.4400e+02	2.4000e+02	2.7320e+00	-1.7455e-01	1.0000e+00	0.0000e+00
1.5200e+02	2.4000e+02	2.6736e+00	-9.8026e-02	0.0000e+00	0.0000e+00
1.6000e+02	2.4000e+02	2.8217e+00	-5.0046e-02	0.0000e+00	0.0000e+00
1.6800e+02	2.4000e+02	2.7743e+00	-1.0661e-01	0.0000e+00	0.0000e+00
1.7600e+02	2.4000e+02	2.6605e+00	-1.9126e-01	0.0000e+00	0.0000e+00
1.8400e+02	2.4000e+02	2.8744e+00	-1.8841e-01	1.0000e+00	0.0000e+00
1.9200e+02	2.4000e+02	2.5303e+00	-2.1508e-01	0.0000e+00	0.0000e+00
2.0000e+02	2.4000e+02	2.5442e+00	-1.2274e-01	0.0000e+00	0.0000e+00
2.0800e+02	2.4000e+02	2.5836e+00	3.7952e-02	0.0000e+00	0.0000e+00
2.1600e+02	2.4000e+02	2.7243e+00	1.4694e-01	0.0000e+00	0.0000e+00
2.2400e+02	2.4000e+02	2.8228e+00	1.8712e-01	0.0000e+00	0.0000e+00
2.3200e+02	2.4000e+02	2.8690e+00	2.1080e-01	0.0000e+00	0.0000e+00
2.4000e+02	2.4000e+02	2.9495e+00	2.4738e-01	0.0000e+00	0.0000e+00
2.4800e+02	2.4000e+02	3.0525e+00	2.7456e-01	0.0000e+00	0.0000e+00
8.0000e+00	2.3200e+02	3.0976e+00	-2.7363e-02	1.0000e+00	0.0000e+00
1.6000e+01	2.3200e+02	3.1661e+00	-6.8338e-02	0.0000e+00	0.0000e+00
2.4000e+01	2.3200e+02	3.0965e+00	-2.6543e-02	1.0000e+00	0.0000e+00
3.2000e+01	2.3200e+02	3.0847e+00	-2.3810e-02	1.0000e+00	0.0000e+00
4.0000e+01	2.3200e+02	3.0713e+00	-1.1682e-02	1.0000e+00	0.0000e+00
4.8000e+01	2.3200e+02	3.1054e+00	-1.9064e-02	0.0000e+00	0.0000e+00
5.6000e+01	2.3200e+02	3.0213e+00	9.7145e-03	1.0000e+00	0.0000e+00
6.4000e+01	2.3200e+02	2.9939e+00	-7.1558e-03	1.0000e+00	0.0000e+00
7.2000e+01	2.3200e+02	2.9499e+00	-5.5615e-02	1.0000e+00	0.0000e+00
8.0000e+01	2.3200e+02	2.9079e+00	-1.1912e-01	1.0000e+00	0.0000e+00
8.8000e+01	2.3200e+02	2.8558e+00	-2.0304e-01	1.0000e+00	0.0000e+00
9.6000e+01	2.3200e+02	2.7983e+00	-2.5873e-01	1.0000e+00	0.0000e+00
1.0400e+02	2.3200e+02	2.6254e+00	-4.6882e-01	0.0000e+00	0.0000e+00
1.1200e+02	2.3200e+02	2.6863e+00	-3.0562e-01	1.0000e+00	0.0000e+00
1.2000e+02	2.3200e+02	2.5476e+00	-3.4035e-01	0.0000e+00	0.0000e+00
1.2800e+02	2.3200e+02	2.5654e+00	-3.2660e-01	0.0000e+00	0.0000e+00
1.3600e+02	2.3200e+02	2.7063e+00	-2.2747e-01	0.0000e+00	0.0000e+00
1.4400e+02	2.3200e+02	2.8018e+00	-1.6835e-01	1.0000e+00	0.0000e+00
1.5200e+02	2.3200e+02	2.8713e+00	-1.4201e-01	1.0000e+00	0.0000e+00
1.6000e+02	2.3200e+02	3.0061e+00	-1.1686e-01	0.0000e+00	0.0000e+00
1.6800e+02	2.3200e+02	2.9682e+00	-1.5292e-01	0.0000e+00	0.0000e+00
1.7600e+02	2.3200e+02	2.9643e+00	-2.0750e-01	0.0000e+00	0.0000e+00
1.8400e+02	2.3200e+02	2.9585e+00	-3.6034e-01	0.0000e+00	0.0000e+00
1.9200e+02	2.3200e+02	2.9528e+00	-2.5083e-01	0.0000e+00	0.0000e+00
2.0000e+02	2.3200e+02	2.9215e+00	-1.2555e-01	0.0000e+00	0.0000e+00
2.0800e+02	2.3200e+02	2.9017e+00	1.1736e-01	0.0000e+00	0.0000e+00
2.1600e+02	2.3200e+02	2.9647e+00	1.7289e-01	0.0000e+00	0.0000e+00
2.2400e+02	2.3200e+02	2.9876e+00	1.6214e-01	0.0000e+00	0.0000e+00
2.3200e+02	2.3200e+02	3.0104e+00	1.3785e-01	0.0000e+00	0.0000e+00
2.4000e+02	2.3200e+02	3.0639e+00	1.6802e-01	0.0000e+00	0.0000e+00
2.4800e+02	2.3200e+02	3.1338e+00	1.6817e-01	0.0000e+00	0.0000e+00
8.0000e+00	2.2400e+02	3.0328e+00	-5.2772e-02	1.0000e+00	0.0000e+00
1.6000e+01	2.2400e+02	3.0291e+00	-6.0344e-02	1.0000e+00	0.0000e+00
2.4000e+01	2.2400e+02	3.0257e+00	-5.8662e-02	1.0000e+00	0.0000e+00
3.2000e+01	2.2400e+02	3.1546e+00	-1.4003e-01	0.0000e+00	0.0000e+00
4.0000e+01	2.2400e+02	3.0588e+00	-1.1490e-01	0.0000e+00	0.0000e+00
4.8000e+01	2.2400e+02	3.0447e+00	-7.2019e-02	0.0000e+00	0.0000e+00
5.6000e+01	2.2400e+02	2.9971e+00	-4.3820e-02	1.0000e+00	0.0000e+00
6.4000e+01	2.2400e+02	2.8894e+00	-1.3398e-01	0.0000e+00	0.0000e+00
7.2000e+01	2.2400e+02	2.9626e+00	-9.7965e-02	1.0000e+00	0.0000e+00
8.0000e+01	2.2400e+02	2.9371e+00	-1.4934e-01	1.0000e+00	0.0000e+00
8.8000e+01	2.2400e+02	2.8737e+00	-2.3525e-01	0.0000e+00	0.0000e+00
9.6000e+01	2.2400e+02	2.8800e+00	-2.5145e-01	1.0000e+00	0.0000e+00
1.0400e+02	2.2400e+02	2.7420e+00	-3.7380e-01	0.0000e+00	0.0000e+00
1.1200e+02	2.2400e+02	2.7360e+00	-3.0930e-01	0.0000e+00	0.0000e+00
1.2000e+02	2.2400e+02	2.8231e+00	-2.5726e-01	1.0000e+00	0.0000e+00
1.2800e+02	2.2400e+02	2.7881e+00	-2.2489e-01	0.0000e+00	0.0000e+00
1.3600e+02	2.2400e+02	2.9698e+00	-1.8879e-01	0.0000e+00	0.0000e+00
1.4400e+02	2.2400e+02	3.0251e+00	-1.6884e-01	0.0000e+00	0.0000e+00
1.5200e+02	2.2400e+02	3.1553e+00	-1.2784e-01	0.0000e+00	0.0000e+00
1.6000e+02	2.2400e+02	3.1415e+00	-9.9099e-02	0.0000e+00	0.0000e+00
1.6800e+02	2.2400e+02	3.1362e+00	-1.1143e-01	0.0000e+00	0.0000e+00
1.7600e+02	2.2400e+02	3.1078e+00	-1.9084e-01	0.0000e+00	0.0000e+00
1.8400e+02	2.2400e+02	3.1887e+00	-2.5563e-01	0.0000e+00	0.0000e+00
1.9200e+02	2.2400e+02	3.1731e+00	-2.3102e-01	0.0000e+00	0.0000e+00
2.0000e+02	2.2400e+02	3.2021e+00	-1.2320e-01	0.0000e+00	0.0000e+00
2.0800e+02	2.2400e+02	3.1688e+00	5.0289e-02	0.0000e+00	0.0000e+00
2.1600e+02	2.2400e+02	3.1494e+00	5.4427e-02	0.0000e+00	0.0000e+00
2.2400e+02	2.2400e+02	3.0474e+00	6.8667e-02	1.0000e+00	0.0000e+00
2.3200e+02	2.2400e+02	3.0774e+00	5.7106e-02	0.0000e+00	0.0000e+00
2.4000e+02	2.2400e+02	3.0692e+00	7.7690e-02	1.0000e+00	0.0000e+00
2.4800e+02	2.2400e+02	3.1157e+00	4.2725e-02	0.0000e+00	0.0000e+00
8.0000e+00	2.1600e+02	3.1287e+00	5.5388e-02	0.0000e+00	0.0000e+00
1.6000e+01	2.1600e+02	2.9505e+00	-7.7676e-02	1.0000e+00	0.0000e+00
2.4000e+01	2.1600e+02	2.8643e+00	-1.0561e-01	0.0000e+00	0.0000e+00
3.2000e+01	2.1600e+02	3.0031e+00	-1.3508e-01	0.0000e+00	0.0000e+00
4.0000e+01	2.1600e+02	2.9487e+00	-1.0443e-01	0.0000e+00	0.0000e+00
4.8000e+01	2.1600e+02	2.9846e+00	-9.4182e-02	0.0000e+00	0.0000e+00
5.6000e+01	2.1600e+02	2.9809e+00	-8.6107e-02	1.0000e+00	0.0000e+00
6.4000e+01	2.1600e+02	2.9350e+00	-1.5568e-01	0.0000e+00	0.0000e+00
7.2000e+01	2.1600e+02	2.9477e+00	-1.5215e-01	0.0000e+00	0.0000e+00
8.0000e+01	2.1600e+02	2.9882e+00	-1.6936e-01	1.0000e+00	0.0000e+00
8.8000e+01	2.1600e+02	2.9879e+00	-2.3495e-01	0.0000e+00	0.0000e+00
9.6000e+01	2.1600e+02	2.9343e+00	-3.0789e-01	0.0000e+00	0.0000e+00
1.0400e+02	2.1600e+02	2.9288e+00	-3.0407e-01	0.0000e+00	0.0000e+00
1.1200e+02	2.1600e+02	2.9631e+00	-2.4261e-01	0.0000e+00	0.0000e+00
1.2000e+02	2.1600e+02	2.9577e+00	-1.8606e-01	0.0000e+00	0.0000e+00
1.2800e+02	2.1600e+02	2.9347e+00	-1.9392e-01	0.0000e+00	0.0000e+00
1.3600e+02	2.1600e+02	3.0363e+00	-1.8583e-01	0.0000e+00	0.0000e+00
1.4400e+02	2.1600e+02	3.0850e+00	-1.4906e-01	0.0000e+00	0.0000e+00
1.5200e+02	2.1600e+02	3.0992e+00	-1.0969e-01	1.0000e+00	0.0000e+00
1.6000e+02	2.1600e+02	3.2203e+00	-7.6527e-02	0.0000e+00	0.0000e+00
1.6800e+02	2.1600e+02	3.1590e+00	-9.3358e-02	0.0000e+00	0.0000e+00
1.7600e+02	2.1600e+02	3.1722e+00	-1.2279e-01	0.0000e+00	0.0000e+00
1.8400e+02	2.1600e+02	3.1368e+00	-1.5858e-01	1.0000e+00	0.0000e+00
1.9200e+02	2.1600e+02	3.2466e+00	-2.1435e-01	0.0000e+00	0.0000e+00
2.0000e+02	2.1600e+02	3.1424e+00	-9.7298e-02	1.0000e+00	0.0000e+00
2.0800e+02	2.1600e+02	3.2848e+00	1.1693e-02	0.0000e+00	0.0000e+00
2.1600e+02	2.1600e+02	3.2025e+00	-2.6256e-02	0.0000e+00	0.0000e+00
2.2400e+02	2.1600e+02	3.1876e+00	-4.8537e-03	0.0000e+00	0.0000e+00
2.3200e+02	2.1600e+02	3.1080e+00	2.6560e-02	0.0000e+00	0.0000e+00
2.4000e+02	2.1600e+02	3.1794e+00	-3.1822e-02	0.0000e+00	0.0000e+00
2.4800e+02	2.1600e+02	3.1338e+00	-1.4177e-02	0.0000e+00	0.0000e+00
8.0000e+00	2.0800e+02	2.8965e+00	-8.7114e-02	1.0000e+00	0.0000e+00
1.6000e+01	2.0800e+02	2.8868e+00	-8.6523e-02	1.0000e+00	0.0000e+00
2.4000e+01	2.0800e+02	2.8867e+00	-8.1393e-02	1.0000e+00	0.0000e+00
3.2000e+01	2.0800e+02	2.7202e+00	-1.2580e-01	0.0000e+00	0.0000e+00
4.0000e+01	2.0800e+02	2.7962e+00	-1.0384e-01	0.0000e+00	0.0000e+00
4.8000e+01	2.0800e+02	2.9274e+00	-8.7935e-02	0.0000e+00	0.0000e+00
5.6000e+01	2.0800e+02	2.9933e+00	-1.1414e-01	0.0000e+00	0.0000e+00
6.4000e+01	2.0800e+02	3.0058e+00	-1.2254e-01	0.0000e+00	0.0000e+00
7.2000e+01	2.0800e+02	3.0190e+00	-1.3843e-01	0.0000e+00	0.0000e+00
8.0000e+01	2.0800e+02	3.0324e+00	-1.6432e-01	1.0000e+00	0.0000e+00
8.8000e+01	2.0800e+02	3.1004e+00	-2.0125e-01	0.0000e+00	0.0000e+00
9.6000e+01	2.0800e+02	3.1220e+00	-2.3753e-01	0.0000e+00	0.0000e+00
1.0400e+02	2.0800e+02	3.0711e+00	-2.0043e-01	1.0000e+00	0.0000e+00
1.1200e+02	2.0800e+02	3.2016e+00	-1.7397e-01	0.0000e+00	0.0000e+00
1.2000e+02	2.0800e+02	3.2751e+00	-1.6030e-01	0.0000e+00	0.0000e+00
1.2800e+02	2.0800e+02	3.0601e+00	-1.2189e-01	1.0000e+00	0.0000e+00
1.3600e+02	2.0800e+02	3.1665e+00	-1.1720e-01	0.0000e+00	0.0000e+00
1.4400e+02	2.0800e+02	3.2280e+00	-1.0163e-01	0.0000e+00	0.0000e+00
1.5200e+02	2.0800e+02	3.2214e+00	-7.3687e-02	0.0000e+00	0.0000e+00
1.6000e+02	2.0800e+02	3.3184e+00	-6.0580e-02	0.0000e+00	0.0000e+00
1.6800e+02	2.0800e+02	3.1806e+00	-9.7478e-02	0.0000e+00	0.0000e+00
1.7600e+02	2.0800e+02	3.1572e+00	-1.2799e-01	1.0000e+00	0.0000e+00
1.8400e+02	2.0800e+02	3.2255e+00	-1.5502e-01	0.0000e+00	0.0000e+00
1.9200e+02	2.0800e+02	3.2667e+00	-2.1446e-01	0.0000e+00	0.0000e+00
2.0000e+02	2.0800e+02	3.2175e+00	-1.0255e-01	0.0000e+00	0.0000e+00
2.0800e+02	2.0800e+02	3.1839e+00	-6.9631e-02	1.0000e+00	0.0000e+00
2.1600e+02	2.0800e+02	3.2332e+00	2.4476e-02	0.0000e+00	0.0000e+00
2.2400e+02	2.0800e+02	3.1572e+00	3.6068e-02	0.0000e+00	0.0000e+00
2.3200e+02	2.0800e+02	3.0904e+00	-5.1943e-02	0.0000e+00	0.0000e+00
2.4000e+02	2.0800e+02	3.1626e+00	-1.0109e-01	0.0000e+00	0.0000e+00
2.4800e+02	2.0800e+02	3.1721e+00	-1.1289e-01	0.0000e+00	0.0000e+00
8.0000e+00	2.0000e+02	2.8589e+00	-1.3368e-01	0.0000e+00	0.0000e+00
1.6000e+01	2.0000e+02	2.6846e+00	-1.5025e-01	0.0000e+00	0.0000e+00
2.4000e+01	2.0000e+02	2.8408e+00	-7.5202e-02	1.0000e+00	0.0000e+00
3.2000e+01	2.0000e+02	2.6759e+00	-5.7062e-02	0.0000e+00	0.0000e+00
4.0000e+01	2.0000e+02	2.7728e+00	-4.8056e-02	0.0000e+00	0.0000e+00
4.8000e+01	2.0000e+02	2.9747e+00	-3.8554e-02	0.0000e+00	0.0000e+00
5.6000e+01	2.0000e+02	3.0985e+00	-8.3302e-02	0.0000e+00	0.0000e+00
6.4000e+01	2.0000e+02	3.0052e+00	-1.5019e-01	0.0000e+00	0.0000e+00
7.2000e+01	2.0000e+02	3.0433e+00	-1.4913e-01	0.0000e+00	0.0000e+00
8.0000e+01	2.0000e+02	3.1028e+00	-1.3774e-01	0.0000e+00	0.0000e+00
8.8000e+01	2.0000e+02	3.1517e+00	-1.5527e-01	0.0000e+00	0.0000e+00
9.6000e+01	2.0000e+02	3.2461e+00	-2.1969e-01	0.0000e+00	0.0000e+00
1.0400e+02	2.0000e+02	3.3092e+00	-1.9745e-01	0.0000e+00	0.0000e+00
1.1200e+02	2.0000e+02	3.2153e+00	-1.1148e-01	0.0000e+00	0.0000e+00
1.2000e+02	2.0000e+02	3.1032e+00	-1.0363e-01	1.0000e+00	0.0000e+00
1.2800e+02	2.0000e+02	3.0643e+00	-6.7797e-02	1.0000e+00	0.0000e+00
1.3600e+02	2.0000e+02	3.2647e+00	-2.3868e-02	0.0000e+00	0.0000e+00
1.4400e+02	2.0000e+02	3.0476e+00	-3.2256e-02	1.0000e+00	0.0000e+00
1.5200e+02	2.0000e+02	3.3013e+00	3.1780e-02	0.0000e+00	0.0000e+00
1.6000e+02	2.0000e+02	3.0621e+00	-5.9495e-02	1.0000e+00	0.0000e+00
1.6800e+02	2.0000e+02	3.2545e+00	-1.0597e-01	0.0000e+00	0.0000e+00
1.7600e+02	2.0000e+02	3.2463e+00	-9.6118e-02	0.0000e+00	0.0000e+00
1.8400e+02	2.0000e+02	3.1191e+00	-1.0899e-01	1.0000e+00	0.0000e+00
1.9200e+02	2.0000e+02	3.1019e+00	-1.7969e-01	0.0000e+00	0.0000e+00
2.0000e+02	2.0000e+02	3.1804e+00	-5.7121e-02	0.0000e+00	0.0000e+00
2.0800e+02	2.0000e+02	3.1849e+00	-8.2890e-02	1.0000e+00	0.0000e+00
2.1600e+02	2.0000e+02	3.2218e+00	-4.2839e-02	0.0000e+00	0.0000e+00
2.2400e+02	2.0000e+02	3.1931e+00	-1.0281e-01	1.0000e+00	0.0000e+00
2.3200e+02	2.0000e+02	3.1834e+00	-1.3349e-01	1.0000e+00	0.0000e+00
2.4000e+02	2.0000e+02	3.1718e+00	-1.9128e-01	0.0000e+00	0.0000e+00
2.4800e+02	2.0000e+02	3.2139e+00	-2.1157e-01	0.0000e+00	0.0000e+00
8.0000e+00	1.9200e+02	2.8915e+00	-2.0960e-01	0.0000e+00	0.0000e+00
1.6000e+01	1.9200e+02	2.8504e+00	-9.2851e-02	1.0000e+00	0.0000e+00
2.4000e+01	1.9200e+02	2.7149e+00	-4.0450e-02	0.0000e+00	0.0000e+00
3.2000e+01	1.9200e+02	2.7338e+00	3.4211e-02	0.0000e+00	0.0000e+00
4.0000e+01	1.9200e+02	2.8552e+00	6.6865e-02	0.0000e+00	0.0000e+00
4.8000e+01	1.9200e+02	2.9481e+00	2.8543e-02	0.0000e+00	0.0000e+00
5.6000e+01	1.9200e+02	2.9002e+00	-1.6743e-02	1.0000e+00	0.0000e+00
6.4000e+01	1.9200e+02	3.0111e+00	-9.5929e-02	0.0000e+00	0.0000e+00
7.2000e+01	1.9200e+02	3.0117e+00	-5.8672e-02	1.0000e+00	0.0000e+00
8.0000e+01	1.9200e+02	3.1303e+00	-9.4111e-02	0.0000e+00	0.0000e+00
8.8000e+01	1.9200e+02	3.1122e+00	-9.8986e-02	1.0000e+00	0.0000e+00
9.6000e+01	1.9200e+02	3.3068e+00	-1.2834e-01	0.0000e+00	0.0000e+00
1.0400e+02	1.9200e+02	3.3367e+00	-1.7665e-01	0.0000e+00	0.0000e+00
1.1200e+02	1.9200e+02	3.1778e+00	-7.6483e-02	0.0000e+00	0.0000e+00
1.2000e+02	1.9200e+02	3.1440e+00	-5.2203e-02	0.0000e+00	0.0000e+00
1.2800e+02	1.9200e+02	3.1214e+00	7.2453e-02	0.0000e+00	0.0000e+00
1.3600e+02	1.9200e+02	3.1216e+00	1.0608e-01	0.0000e+00	0.0000e+00
1.4400e+02	1.9200e+02	2.9430e+00	1.0860e-02	1.0000e+00	0.0000e+00
1.5200e+02	1.9200e+02	3.0504e+00	6.6782e-02	0.0000e+00	0.0000e+00
1.6000e+02	1.9200e+02	3.1010e+00	-9.6486e-02	0.0000e+00	0.0000e+00
1.6800e+02	1.9200e+02	2.9906e+00	-5.5614e-02	1.0000e+00	0.0000e+00
1.7600e+02	1.9200e+02	3.0293e+00	-8.8531e-02	1.0000e+00	0.0000e+00
1.8400e+02	1.9200e+02	3.0670e+00	-8.8777e-02	1.0000e+00	0.0000e+00
1.9200e+02	1.9200e+02	3.1071e+00	-8.2492e-02	1.0000e+00	0.0000e+00
2.0000e+02	1.9200e+02	3.1540e+00	-5.4342e-02	0.0000e+00	0.0000e+00
2.0800e+02	1.9200e+02	3.1848e+00	-6.0908e-02	0.0000e+00	0.0000e+00
2.1600e+02	1.9200e+02	3.1969e+00	-9.8861e-02	0.0000e+00	0.0000e+00
2.2400e+02	1.9200e+02	3.1961e+00	-1.4550e-01	1.0000e+00	0.0000e+00
2.3200e+02	1.9200e+02	3.1979e+00	-1.9494e-01	1.0000e+00	0.0000e+00
2.4000e+02	1.9200e+02	3.1926e+00	-2.4704e-01	0.0000e+00	0.0000e+00
2.4800e+02	1.9200e+02	3.1334e+00	-2.7806e-01	0.0000e+00	0.0000e+00
8.0000e+00	1.8400e+02	2.9669e+00	-2.0078e-01	0.0000e+00	0.0000e+00
1.6000e+01	1.8400e+02	2.9322e+00	-2.1001e-01	0.0000e+00	0.0000e+00
2.4000e+01	1.8400e+02	2.8646e+00	-7.5561e-02	1.0000e+00	0.0000e+00
3.2000e+01	1.8400e+02	2.7789e+00	7.9382e-02	0.0000e+00	0.0000e+00
4.0000e+01	1.8400e+02	2.6475e+00	1.2041e-01	0.0000e+00	0.0000e+00
4.8000e+01	1.8400e+02	2.6566e+00	1.0786e-01	0.0000e+00	0.0000e+00
5.6000e+01	1.8400e+02	2.8061e+00	7.5613e-02	0.0000e+00	0.0000e+00
6.4000e+01	1.8400e+02	2.9399e+00	1.4030e-02	0.0000e+00	0.0000e+00
7.2000e+01	1.8400e+02	2.9999e+00	-5.2158e-02	0.0000e+00	0.0000e+00
8.0000e+01	1.8400e+02	3.0370e+00	-2.3580e-02	1.0000e+00	0.0000e+00
8.8000e+01	1.8400e+02	3.1140e+00	-6.1532e-02	0.0000e+00	0.0000e+00
9.6000e+01	1.8400e+02	3.1983e+00	-6.4265e-02	0.0000e+00	0.0000e+00
1.0400e+02	1.8400e+02	3.1844e+00	-6.3904e-02	0.0000e+00	0.0000e+00
1.1200e+02	1.8400e+02	3.0835e+00	-7.7645e-02	1.0000e+00	0.0000e+00
1.2000e+02	1.8400e+02	3.0449e+00	-9.5972e-02	0.0000e+00	0.0000e+00
1.2800e+02	1.8400e+02	2.9486e+00	2.4568e-02	0.0000e+00	0.0000e+00
1.3600e+02	1.8400e+02	2.8164e+00	1.5833e-01	0.0000e+00	0.0000e+00
1.4400e+02	1.8400e+02	2.5679e+00	2.0232e-01	0.0000e+00	0.0000e+00
1.5200e+02	1.8400e+02	2.6543e+00	1.0041e-01	0.0000e+00	0.0000e+00
1.6000e+02	1.8400e+02	2.7080e+00	-1.1920e-01	0.0000e+00	0.0000e+00
1.6800e+02	1.8400e+02	2.8004e+00	-1.3878e-01	0.0000e+00	0.0000e+00
1.7600e+02	1.8400e+02	2.8989e+00	-9.5920e-02	0.0000e+00	0.0000e+00
1.8400e+02	1.8400e+02	2.9693e+00	-7.2384e-02	0.0000e+00	0.0000e+00
1.9200e+02	1.8400e+02	3.0371e+00	-4.8439e-02	0.0000e+00	0.0000e+00
2.0000e+02	1.8400e+02	3.0887e+00	-3.7280e-02	1.0000e+00	0.0000e+00
2.0800e+02	1.8400e+02	3.1407e+00	-6.8019e-02	1.0000e+00	0.0000e+00
2.1600e+02	1.8400e+02	3.1764e+00	-1.2566e-01	0.0000e+00	0.0000e+00
2.2400e+02	1.8400e+02	3.2900e+00	-2.2015e-01	0.0000e+00	0.0000e+00
2.3200e+02	1.8400e+02	3.2272e+00	-2.9022e-01	0.0000e+00	0.0000e+00
2.4000e+02	1.8400e+02	3.2344e+00	-3.7010e-01	0.0000e+00	0.0000e+00
2.4800e+02	1.8400e+02	3.1192e+00	-4.2297e-01	0.0000e+00	0.0000e+00
8.0000e+00	1.7600e+02	3.0830e+00	-1.2469e-01	0.0000e+00	0.0000e+00
1.6000e+01	1.7600e+02	3.0145e+00	-1.4279e-01	0.0000e+00	0.0000e+00
2.4000e+01	1.7600e+02	2.9951e+00	-8.2962e-03	0.0000e+00	0.0000e+00
3.2000e+01	1.7600e+02	2.8275e+00	-5.1164e-02	0.0000e+00	0.0000e+00
4.0000e+01	1.7600e+02	2.8402e+00	7.9380e-04	1.0000e+00	0.0000e+00
4.8000e+01	1.7600e+02	2.6690e+00	1.1215e-01	0.0000e+00	0.0000e+00
5.6000e+01	1.7600e+02	2.7367e+00	1.4482e-01	0.0000e+00	0.0000e+00
6.4000e+01	1.7600e+02	2.8901e+00	6.2139e-02	1.0000e+00	0.0000e+00
7.2000e+01	1.7600e+02	2.9682e+00	9.5853e-02	0.0000e+00	0.0000e+00
8.0000e+01	1.7600e+02	3.0105e+00	3.7626e-02	0.0000e+00	0.0000e+00
8.8000e+01	1.7600e+02	3.0290e+00	3.5541e-02	0.0000e+00	0.0000e+00
9.6000e+01	1.7600e+02	3.0349e+00	2.7696e-02	0.0000e+00	0.0000e+00
1.0400e+02	1.7600e+02	3.0222e+00	-2.6980e-02	1.0000e+00	0.0000e+00
1.1200e+02	1.7600e+02	3.1515e+00	-7.7293e-02	0.0000e+00	0.0000e+00
1.2000e+02	1.7600e+02	2.9324e+00	-3.0460e-02	1.0000e+00	0.0000e+00
1.2800e+02	1.7600e+02	2.7864e+00	-1.3993e-01	0.0000e+00	0.0000e+00
1.3600e+02	1.7600e+02	2.7315e+00	6.5721e-02	1.0000e+00	0.0000e+00
1.4400e+02	1.7600e+02	2.3245e+00	1.9367e-01	0.0000e+00	0.0000e+00
1.5200e+02	1.7600e+02	2.3129e+00	1.5127e-01	0.0000e+00	0.0000e+00
1.6000e+02	1.7600e+02	2.6884e+00	7.7696e-02	1.0000e+00	0.0000e+00
1.6800e+02	1.7600e+02	2.5930e+00	-7.1618e-02	0.0000e+00	0.0000e+00
1.7600e+02	1.7600e+02	2.8566e+00	-4.8075e-02	0.0000e+00	0.0000e+00
1.8400e+02	1.7600e+02	2.9625e+00	-3.6436e-02	0.0000e+00	0.0000e+00
1.9200e+02	1.7600e+02	3.0072e+00	-2.0435e-02	0.0000e+00	0.0000e+00
2.0000e+02	1.7600e+02	3.1296e+00	-8.2468e-03	0.0000e+00	0.0000e+00
2.0800e+02	1.7600e+02	3.0834e+00	-2.8505e-02	1.0000e+00	0.0000e+00
2.1600e+02	1.7600e+02	3.1679e+00	-1.0384e-01	0.0000e+00	0.0000e+00
2.2400e+02	1.7600e+02	3.3540e+00	-2.5813e-01	0.0000e+00	0.0000e+00
2.3200e+02	1.7600e+02	3.2460e+00	-3.8140e-01	0.0000e+00	0.0000e+00
2.4000e+02	1.7600e+02	3.1529e+00	-3.2172e-01	1.0000e+00	0.0000e+00
2.4800e+02	1.7600e+02	3.2195e+00	-5.1822e-01	0.0000e+00	0.0000e+00
8.0000e+00	1.6800e+02	2.9698e+00	-7.1671e-02	0.0000e+00	0.0000e+00
1.6000e+01	1.6800e+02	2.9580e+00	-7.7632e-02	0.0000e+00	0.0000e+00
2.4000e+01	1.6800e+02	2.9182e+00	-1.0218e-01	0.0000e+00	0.0000e+00
3.2000e+01	1.6800e+02	2.9537e+00	-1.9914e-01	0.0000e+00	0.0000e+00
4.0000e+01	1.6800e+02	3.0015e+00	-1.2797e-01	0.0000e+00	0.0000e+00
4.8000e+01	1.6800e+02	2.8858e+00	7.1733e-02	0.0000e+00	0.0000e+00
5.6000e+01	1.6800e+02	2.8329e+00	5.6886e-02	1.0000e+00	0.0000e+00
6.4000e+01	1.6800e+02	2.8403e+00	9.0199e-02	1.0000e+00	0.0000e+00
7.2000e+01	1.6800e+02	2.9233e+00	2.3726e-01	0.0000e+00	0.0000e+00
8.0000e+01	1.6800e+02	2.8858e+00	1.0759e-01	1.0000e+00	0.0000e+00
8.8000e+01	1.6800e+02	2.9180e+00	1.3696e-01	0.0000e+00	0.0000e+00
9.6000e+01	1.6800e+02	2.9683e+00	5.7339e-02	0.0000e+00	0.0000e+00
1.0400e+02	1.6800e+02	2.9024e+00	1.4560e-02	1.0000e+00	0.0000e+00
1.1200e+02	1.6800e+02	3.0451e+00	-1.3466e-01	0.0000e+00	0.0000e+00
1.2000e+02	1.6800e+02	2.8918e+00	-1.6934e-01	0.0000e+00	0.0000e+00
1.2800e+02	1.6800e+02	2.7223e+00	-1.1383e-01	0.0000e+00	0.0000e+00
1.3600e+02	1.6800e+02	2.5875e+00	6.1376e-02	0.0000e+00	0.0000e+00
1.4400e+02	1.6800e+02	2.3338e+00	2.8032e-01	0.0000e+00	0.0000e+00
1.5200e+02	1.6800e+02	2.3061e+00	1.8425e-01	0.0000e+00	0.0000e+00
1.6000e+02	1.6800e+02	2.6025e+00	1.5762e-01	1.0000e+00	0.0000e+00
1.6800e+02	1.6800e+02	2.6737e+00	2.0362e-02	0.0000e+00	0.0000e+00
1.7600e+02	1.6800e+02	2.7691e+00	9.7159e-02	1.0000e+00	0.0000e+00
1.8400e+02	1.6800e+02	2.8368e+00	9.1335e-02	1.0000e+00	0.0000e+00
1.9200e+02	1.6800e+02	2.9001e+00	8.7150e-02	1.0000e+00	0.0000e+00
2.0000e+02	1.6800e+02	3.0184e+00	1.3924e-01	0.0000e+00	0.0000e+00
2.0800e+02	1.6800e+02	3.0711e+00	1.2796e-01	0.0000e+00	0.0000e+00
2.1600e+02	1.6800e+02	3.0794e+00	2.2416e-02	0.0000e+00	0.0000e+00
2.2400e+02	1.6800e+02	3.2210e+00	-2.6480e-01	0.0000e+00	0.0000e+00
2.3200e+02	1.6800e+02	3.0556e+00	-2.9243e-01	1.0000e+00	0.0000e+00
2.4000e+02	1.6800e+02	3.0673e+00	-3.5504e-01	1.0000e+00	0.0000e+00
2.4800e+02	1.6800e+02	3.0471e+00	-3.9259e-01	1.0000e+00	0.0000e+00
8.0000e+00	1.6000e+02	2.9231e+00	-1.0618e-01	1.0000e+00	0.0000e+00
1.6000e+01	1.6000e+02	2.9167e+00	-1.1857e-01	1.0000e+00	0.0000e+00
2.4000e+01	1.6000e+02	2.9277e+00	-1.5951e-01	0.0000e+00	0.0000e+00
3.2000e+01	1.6000e+02	2.8842e+00	-9.4971e-02	1.0000e+00	0.0000e+00
4.0000e+01	1.6000e+02	2.8583e+00	-5.8689e-02	1.0000e+00	0.0000e+00
4.8000e+01	1.6000e+02	2.8984e+00	-1.8607e-02	0.0000e+00	0.0000e+00
5.6000e+01	1.6000e+02	2.8564e+00	6.6415e-02	0.0000e+00	0.0000e+00
6.4000e+01	1.6000e+02	2.8282e+00	1.6935e-01	0.0000e+00	0.0000e+00
7.2000e+01	1.6000e+02	2.7860e+00	1.4495e-01	1.0000e+00	0.0000e+00
8.0000e+01	1.6000e+02	2.7743e+00	2.8079e-01	0.0000e+00	0.0000e+00
8.8000e+01	1.6000e+02	2.7651e+00	2.7872e-01	0.0000e+00	0.0000e+00
9.6000e+01	1.6000e+02	2.8360e+00	1.2958e-01	0.0000e+00	0.0000e+00
1.0400e+02	1.6000e+02	2.7756e+00	4.2240e-02	1.0000e+00	0.0000e+00
1.1200e+02	1.6000e+02	2.7457e+00	-3.3028e-03	1.0000e+00	0.0000e+00
1.2000e+02	1.6000e+02	2.6937e+00	9.8693e-04	1.0000e+00	0.0000e+00
1.2800e+02	1.6000e+02	2.6537e+00	-8.9476e-02	0.0000e+00	0.0000e+00
1.3600e+02	1.6000e+02	2.5799e+00	6.9369e-02	0.0000e+00	0.0000e+00
1.4400e+02	1.6000e+02	2.5232e+00	3.2721e-01	0.0000e+00	0.0000e+00
1.5200e+02	1.6000e+02	2.5190e+00	2.7459e-01	0.0000e+00	0.0000e+00
1.6000e+02	1.6000e+02	2.5607e+00	2.1463e-01	1.0000e+00	0.0000e+00
1.6800e+02	1.6000e+02	2.6315e+00	1.8877e-01	1.0000e+00	0.0000e+00
1.7600e+02	1.6000e+02	2.8243e+00	1.0266e-01	0.0000e+00	0.0000e+00
1.8400e+02	1.6000e+02	2.8586e+00	1.1643e-01	0.0000e+00	0.0000e+00
1.9200e+02	1.6000e+02	2.8577e+00	2.5908e-01	0.0000e+00	0.0000e+00
2.0000e+02	1.6000e+02	2.8644e+00	2.5152e-01	0.0000e+00	0.0000e+00
2.0800e+02	1.6000e+02	2.8732e+00	2.1959e-01	0.0000e+00	0.0000e+00
2.1600e+02	1.6000e+02	2.8869e+00	3.6465e-02	0.0000e+00	0.0000e+00
2.2400e+02	1.6000e+02	2.9787e+00	-2.3754e-01	0.0000e+00	0.0000e+00
2.3200e+02	1.6000e+02	3.0206e+00	-4.1227e-01	0.0000e+00	0.0000e+00
2.4000e+02	1.6000e+02	2.9646e+00	-3.8924e-01	1.0000e+00	0.0000e+00
2.4800e+02	1.6000e+02	2.9558e+00	-4.3249e-01	1.0000e+00	0.0000e+00
8.0000e+00	1.5200e+02	2.8683e+00	-7.0898e-02	0.0000e+00	0.0000e+00
1.6000e+01	1.5200e+02	2.9050e+00	-1.4625e-01	0.0000e+00	0.0000e+00
2.4000e+01	1.5200e+02	2.8679e+00	-1.2917e-01	1.0000e+00	0.0000e+00
3.2000e+01	1.5200e+02	2.9568e+00	-2.2082e-01	0.0000e+00	0.0000e+00
4.0000e+01	1.5200e+02	2.8381e+00	-8.5937e-02	1.0000e+00	0.0000e+00
4.8000e+01	1.5200e+02	2.8595e+00	-7.2627e-02	0.0000e+00	0.0000e+00
5.6000e+01	1.5200e+02	2.8201e+00	5.5023e-04	0.0000e+00	0.0000e+00
6.4000e+01	1.5200e+02	2.7644e+00	7.4478e-02	0.0000e+00	0.0000e+00
7.2000e+01	1.5200e+02	2.7163e+00	1.5085e-01	1.0000e+00	0.0000e+00
8.0000e+01	1.5200e+02	2.6206e+00	2.9740e-01	0.0000e+00	0.0000e+00
8.8000e+01	1.5200e+02	2.6175e+00	2.9429e-01	0.0000e+00	0.0000e+00
9.6000e+01	1.5200e+02	2.6868e+00	1.0286e-01	1.0000e+00	0.0000e+00
1.0400e+02	1.5200e+02	2.6718e+00	4.7302e-02	1.0000e+00	0.0000e+00
1.1200e+02	1.5200e+02	2.5322e+00	6.9183e-03	0.0000e+00	0.0000e+00
1.2000e+02	1.5200e+02	2.6118e+00	1.1475e-02	1.0000e+00	0.0000e+00
1.2800e+02	1.5200e+02	2.3984e+00	1.1314e-01	0.0000e+00	0.0000e+00
1.3600e+02	1.5200e+02	2.4048e+00	2.1518e-01	0.0000e+00	0.0000e+00
1.4400e+02	1.5200e+02	2.5240e+00	3.6186e-01	0.0000e+00	0.0000e+00
1.5200e+02	1.5200e+02	2.5099e+00	3.9727e-01	0.0000e+00	0.0000e+00
1.6000e+02	1.5200e+02	2.5649e+00	3.8911e-01	0.0000e+00	0.0000e+00
1.6800e+02	1.5200e+02	2.6533e+00	3.4791e-01	0.0000e+00	0.0000e+00
1.7600e+02	1.5200e+02	2.7090e+00	3.4462e-01	0.0000e+00	0.0000e+00
1.8400e+02	1.5200e+02	2.6582e+00	2.0103e-01	1.0000e+00	0.0000e+00
1.9200e+02	1.5200e+02	2.6492e+00	3.3802e-01	0.0000e+00	0.0000e+00
2.0000e+02	1.5200e+02	2.6298e+00	2.4769e-01	0.0000e+00	0.0000e+00
2.0800e+02	1.5200e+02	2.7135e+00	1.3106e-02	1.0000e+00	0.0000e+00
2.1600e+02	1.5200e+02	2.7315e+00	-3.9320e-02	0.0000e+00	0.0000e+00
2.2400e+02	1.5200e+02	2.7972e+00	-2.3140e-01	0.0000e+00	0.0000e+00
2.3200e+02	1.5200e+02	2.8108e+00	-3.9607e-01	0.0000e+00	0.0000e+00
2.4000e+02	1.5200e+02	2.8034e+00	-4.1071e-01	1.0000e+00	0.0000e+00
2.4800e+02	1.5200e+02	2.8095e+00	-4.5094e-01	1.0000e+00	0.0000e+00
8.0000e+00	1.4400e+02	2.8447e+00	-2.3351e-02	0.0000e+00	0.0000e+00
1.6000e+01	1.4400e+02	2.8283e+00	-1.6123e-01	0.0000e+00	0.0000e+00
2.4000e+01	1.4400e+02	2.8097e+00	-1.3183e-01	1.0000e+00	0.0000e+00
3.2000e+01	1.4400e+02	2.8570e+00	-2.1106e-01	0.0000e+00	0.0000e+00
4.0000e+01	1.4400e+02	2.8336e+00	-1.4353e-01	0.0000e+00	0.0000e+00
4.8000e+01	1.4400e+02	2.7898e+00	-7.9595e-02	0.0000e+00	0.0000e+00
5.6000e+01	1.4400e+02	2.7349e+00	-1.0631e-02	0.0000e+00	0.0000e+00
6.4000e+01	1.4400e+02	2.7040e+00	1.0567e-01	0.0000e+00	0.0000e+00
7.2000e+01	1.4400e+02	2.6206e+00	2.2201e-01	0.0000e+00	0.0000e+00
8.0000e+01	1.4400e+02	2.5150e+00	2.6332e-01	0.0000e+00	0.0000e+00
8.8000e+01	1.4400e+02	2.5120e+00	2.4573e-01	0.0000e+00	0.0000e+00
9.6000e+01	1.4400e+02	2.6153e+00	8.4865e-02	1.0000e+00	0.0000e+00
1.0400e+02	1.4400e+02	2.5997e+00	3.2058e-02	1.0000e+00	0.0000e+00
1.1200e+02	1.4400e+02	2.3941e+00	-6.4951e-02	0.0000e+00	0.0000e+00
1.2000e+02	1.4400e+02	2.3861e+00	-1.2012e-02	0.0000e+00	0.0000e+00
1.2800e+02	1.4400e+02	2.5599e+00	6.5081e-02	1.0000e+00	0.0000e+00
1.3600e+02	1.4400e+02	2.5569e+00	1.2937e-01	1.0000e+00	0.0000e+00
1.4400e+02	1.4400e+02	2.3813e+00	2.6604e-01	0.0000e+00	0.0000e+00
1.5200e+02	1.4400e+02	2.4937e+00	3.6258e-01	0.0000e+00	0.0000e+00
1.6000e+02	1.4400e+02	2.5699e+00	2.4459e-01	1.0000e+00	0.0000e+00
1.6800e+02	1.4400e+02	2.5726e+00	2.3889e-01	1.0000e+00	0.0000e+00
1.7600e+02	1.4400e+02	2.5725e+00	2.2664e-01	1.0000e+00	0.0000e+00
1.8400e+02	1.4400e+02	2.5309e+00	3.8356e-01	0.0000e+00	0.0000e+00
1.9200e+02	1.4400e+02	2.5676e+00	1.5433e-01	1.0000e+00	0.0000e+00
2.0000e+02	1.4400e+02	2.5503e+00	8.7082e-02	1.0000e+00	0.0000e+00
2.0800e+02	1.4400e+02	2.4232e+00	5.8214e-02	0.0000e+00	0.0000e+00
2.1600e+02	1.4400e+02	2.5584e+00	-1.2585e-01	0.0000e+00	0.0000e+00
2.2400e+02	1.4400e+02	2.6033e+00	-3.0567e-01	0.0000e+00	0.0000e+00
2.3200e+02	1.4400e+02	2.6016e+00	-4.5050e-01	0.0000e+00	0.0000e+00
2.4000e+02	1.4400e+02	2.7095e+00	-6.1116e-01	0.0000e+00	0.0000e+00
2.4800e+02	1.4400e+02	2.9014e+00	-6.2009e-01	0.0000e+00	0.0000e+00
8.0000e+00	1.3600e+02	2.7523e+00	-1.8160e-01	0.0000e+00	0.0000e+00
1.6000e+01	1.3600e+02	2.7509e+00	-1.7647e-01	0.0000e+00	0.0000e+00
2.4000e+01	1.3600e+02	2.7630e+00	-1.6716e-01	0.0000e+00	0.0000e+00
3.2000e+01	1.3600e+02	2.7689e+00	-1.5633e-01	0.0000e+00	0.0000e+00
4.0000e+01	1.3600e+02	2.7207e+00	-9.1562e-02	1.0000e+00	0.0000e+00
4.8000e+01	1.3600e+02	2.6935e+00	-5.8073e-02	0.0000e+00	0.0000e+00
5.6000e+01	1.3600e+02	2.6203e+00	-4.3626e-03	0.0000e+00	0.0000e+00
6.4000e+01	1.3600e+02	2.5940e+00	8.5407e-02	0.0000e+00	0.0000e+00
7.2000e+01	1.3600e+02	2.5810e+00	1.6347e-01	0.0000e+00	0.0000e+00
8.0000e+01	1.3600e+02	2.5684e+00	1.7990e-01	0.0000e+00	0.0000e+00
8.8000e+01	1.3600e+02	2.5228e+00	1.0649e-01	0.0000e+00	0.0000e+00
9.6000e+01	1.3600e+02	2.5622e+00	4.9093e-02	1.0000e+00	0.0000e+00
1.0400e+02	1.3600e+02	2.5565e+00	-8.1781e-04	1.0000e+00	0.0000e+00
1.1200e+02	1.3600e+02	2.5670e+00	-2.2944e-02	1.0000e+00	0.0000e+00
1.2000e+02	1.3600e+02	2.4931e+00	-4.1950e-02	0.0000e+00	0.0000e+00
1.2800e+02	1.3600e+02	2.4552e+00	5.8065e-02	0.0000e+00	0.0000e+00
1.3600e+02	1.3600e+02	2.5977e+00	1.0376e-01	1.0000e+00	0.0000e+00
1.4400e+02	1.3600e+02	2.6222e+00	1.4586e-01	1.0000e+00	0.0000e+00
1.5200e+02	1.3600e+02	2.5681e+00	2.1388e-01	0.0000e+00	0.0000e+00
1.6000e+02	1.3600e+02	2.5370e+00	2.8665e-01	0.0000e+00	0.0000e+00
1.6800e+02	1.3600e+02	2.4245e+00	2.9047e-01	0.0000e+00	0.0000e+00
1.7600e+02	1.3600e+02	2.4319e+00	2.8749e-01	0.0000e+00	0.0000e+00
1.8400e+02	1.3600e+02	2.4454e+00	2.2988e-01	0.0000e+00	0.0000e+00
1.9200e+02	1.3600e+02	2.3541e+00	1.4085e-01	0.0000e+00	0.0000e+00
2.0000e+02	1.3600e+02	2.4235e+00	3.7001e-02	1.0000e+00	0.0000e+00
2.0800e+02	1.3600e+02	2.4196e+00	-6.7186e-02	1.0000e+00	0.0000e+00
2.1600e+02	1.3600e+02	2.2965e+00	-2.7484e-01	0.0000e+00	0.0000e+00
2.2400e+02	1.3600e+02	2.3258e+00	-4.1062e-01	0.0000e+00	0.0000e+00
2.3200e+02	1.3600e+02	2.3774e+00	-4.3287e-01	0.0000e+00	0.0000e+00
2.4000e+02	1.3600e+02	2.5201e+00	-5.1033e-01	0.0000e+00	0.0000e+00
2.4800e+02	1.3600e+02	2.5597e+00	-5.5825e-01	0.0000e+00	0.0000e+00
8.0000e+00	1.2800e+02	2.6649e+00	-1.1878e-01	1.0000e+00	0.0000e+00
1.6000e+01	1.2800e+02	2.6582e+00	-1.5527e-01	0.0000e+00	0.0000e+00
2.4000e+01	1.2800e+02	2.6721e+00	-1.4085e-01	0.0000e+00	0.0000e+00
3.2000e+01	1.2800e+02	2.6846e+00	-1.3407e-01	0.0000e+00	0.0000e+00
4.0000e+01	1.2800e+02	2.6524e+00	-8.9751e-02	0.0000e+00	0.0000e+00
4.8000e+01	1.2800e+02	2.5937e+00	-5.0696e-02	0.0000e+00	0.0000e+00
5.6000e+01	1.2800e+02	2.5562e+00	-5.2740e-03	0.0000e+00	0.0000e+00
6.4000e+01	1.2800e+02	2.5570e+00	3.1924e-02	0.0000e+00	0.0000e+00
7.2000e+01	1.2800e+02	2.5774e+00	7.3286e-02	0.0000e+00	0.0000e+00
8.0000e+01	1.2800e+02	2.6427e+00	1.4554e-01	0.0000e+00	0.0000e+00
8.8000e+01	1.2800e+02	2.5483e+00	9.2459e-02	0.0000e+00	0.0000e+00
9.6000e+01	1.2800e+02	2.5431e+00	-1.3758e-01	0.0000e+00	0.0000e+00
1.0400e+02	1.2800e+02	2.6483e+00	-2.0863e-01	0.0000e+00	0.0000e+00
1.1200e+02	1.2800e+02	2.6214e+00	-1.5146e-01	0.0000e+00	0.0000e+00
1.2000e+02	1.2800e+02	2.5969e+00	-2.9249e-02	1.0000e+00	0.0000e+00
1.2800e+02	1.2800e+02	2.7468e+00	1.8648e-02	0.0000e+00	0.0000e+00
1.3600e+02	1.2800e+02	2.7124e+00	9.9090e-02	0.0000e+00	0.0000e+00
1.4400e+02	1.2800e+02	2.7217e+00	1.4863e-01	0.0000e+00	0.0000e+00
1.5200e+02	1.2800e+02	2.6862e+00	5.2657e-02	0.0000e+00	0.0000e+00
1.6000e+02	1.2800e+02	2.7759e+00	7.3233e-02	0.0000e+00	0.0000e+00
1.6800e+02	1.2800e+02	2.4010e+00	1.9548e-01	0.0000e+00	0.0000e+00
1.7600e+02	1.2800e+02	2.5128e+00	9.7596e-02	1.0000e+00	0.0000e+00
1.8400e+02	1.2800e+02	2.3545e+00	1.4226e-01	0.0000e+00	0.0000e+00
1.9200e+02	1.2800e+02	2.3082e+00	4.5609e-02	0.0000e+00	0.0000e+00
2.0000e+02	1.2800e+02	2.3519e+00	-7.8673e-03	1.0000e+00	0.0000e+00
2.0800e+02	1.2800e+02	2.3372e+00	-1.0271e-01	1.0000e+00	0.0000e+00
2.1600e+02	1.2800e+02	2.1235e+00	-2.2945e-01	0.0000e+00	0.0000e+00
2.2400e+02	1.2800e+02	2.3272e+00	-2.9447e-01	1.0000e+00	0.0000e+00
2.3200e+02	1.2800e+02	2.1613e+00	-4.0645e-01	0.0000e+00	0.0000e+00
2.4000e+02	1.2800e+02	2.1704e+00	-4.2583e-01	0.0000e+00	0.0000e+00
2.4800e+02	1.2800e+02	2.1454e+00	-4.6594e-01	0.0000e+00	0.0000e+00
8.0000e+00	1.2000e+02	2.5483e+00	-9.2461e-02	0.0000e+00	0.0000e+00
1.6000e+01	1.2000e+02	2.5639e+00	-1.0440e-01	0.0000e+00	0.0000e+00
2.4000e+01	1.2000e+02	2.5812e+00	-1.0640e-01	0.0000e+00	0.0000e+00
3.2000e+01	1.2000e+02	2.5923e+00	-6.7690e-02	1.0000e+00	0.0000e+00
4.0000e+01	1.2000e+02	2.6288e+00	-6.1958e-02	0.0000e+00	0.0000e+00
4.8000e+01	1.2000e+02	2.5906e+00	-2.8843e-02	0.0000e+00	0.0000e+00
5.6000e+01	1.2000e+02	2.5286e+00	-2.2827e-03	0.0000e+00	0.0000e+00
6.4000e+01	1.2000e+02	2.5684e+00	6.3037e-02	0.0000e+00	0.0000e+00
7.2000e+01	1.2000e+02	2.5348e+00	7.2091e-02	1.0000e+00	0.0000e+00
8.0000e+01	1.2000e+02	2.5141e+00	5.8012e-02	1.0000e+00	0.0000e+00
8.8000e+01	1.2000e+02	2.5234e+00	7.6141e-02	0.0000e+00	0.0000e+00
9.6000e+01	1.2000e+02	2.4416e+00	-8.6465e-02	0.0000e+00	0.0000e+00
1.0400e+02	1.2000e+02	2.5494e+00	-1.5565e-01	0.0000e+00	0.0000e+00
1.1200e+02	1.2000e+02	2.5591e+00	-5.7637e-02	1.0000e+00	0.0000e+00
1.2000e+02	1.2000e+02	2.6388e+00	-1.7833e-01	0.0000e+00	0.0000e+00
1.2800e+02	1.2000e+02	2.8525e+00	-1.0683e-02	0.0000e+00	0.0000e+00
1.3600e+02	1.2000e+02	2.8222e+00	5.5540e-02	0.0000e+00	0.0000e+00
1.4400e+02	1.2000e+02	2.8582e+00	1.2823e-01	0.0000e+00	0.0000e+00
1.5200e+02	1.2000e+02	2.7815e+00	-7.8930e-02	0.0000e+00	0.0000e+00
1.6000e+02	1.2000e+02	2.8802e+00	-2.6486e-01	0.0000e+00	0.0000e+00
1.6800e+02	1.2000e+02	2.5858e+00	4.5339e-02	1.0000e+00	0.0000e+00
1.7600e+02	1.2000e+02	2.5307e+00	4.2236e-02	1.0000e+00	0.0000e+00
1.8400e+02	1.2000e+02	2.4526e+00	4.5035e-02	1.0000e+00	0.0000e+00
1.9200e+02	1.2000e+02	2.2930e+00	-1.4533e-03	0.0000e+00	0.0000e+00
2.0000e+02	1.2000e+02	2.1996e+00	-5.2788e-02	0.0000e+00	0.0000e+00
2.0800e+02	1.2000e+02	2.1488e+00	-1.3141e-01	0.0000e+00	0.0000e+00
2.1600e+02	1.2000e+02	2.0982e+00	-2.3682e-01	0.0000e+00	0.0000e+00
2.2400e+02	1.2000e+02	2.2916e+00	-2.7834e-01	1.0000e+00	0.0000e+00
2.3200e+02	1.2000e+02	2.0658e+00	-4.3880e-01	0.0000e+00	0.0000e+00
2.4000e+02	1.2000e+02	2.3082e+00	-3.7246e-01	1.0000e+00	0.0000e+00
2.4800e+02	1.2000e+02	2.3010e+00	-4.0041e-01	1.0000e+00	0.0000e+00
8.0000e+00	1.1200e+02	2.5147e+00	-5.8973e-02	1.0000e+00	0.0000e+00
1.6000e+01	1.1200e+02	2.5165e+00	-5.5951e-02	1.0000e+00	0.0000e+00
2.4000e+01	1.1200e+02	2.4893e+00	-6.7418e-02	0.0000e+00	0.0000e+00
3.2000e+01	1.1200e+02	2.4775e+00	-5.5033e-02	0.0000e+00	0.0000e+00
4.0000e+01	1.1200e+02	2.5298e+00	-9.3640e-03	1.0000e+00	0.0000e+00
4.8000e+01	1.1200e+02	2.5800e+00	9.9795e-03	0.0000e+00	0.0000e+00
5.6000e+01	1.1200e+02	2.5216e+00	4.1121e-02	0.0000e+00	0.0000e+00
6.4000e+01	1.1200e+02	2.5336e+00	5.7027e-02	1.0000e+00	0.0000e+00
7.2000e+01	1.1200e+02	2.5410e+00	7.0167e-02	0.0000e+00	0.0000e+00
8.0000e+01	1.1200e+02	2.4724e+00	6.7654e-02	0.0000e+00	0.0000e+00
8.8000e+01	1.1200e+02	2.4236e+00	4.8600e-02	0.0000e+00	0.0000e+00
9.6000e+01	1.1200e+02	2.3811e+00	-5.6436e-02	0.0000e+00	0.0000e+00
1.0400e+02	1.1200e+02	2.4984e+00	-3.8026e-02	1.0000e+00	0.0000e+00
1.1200e+02	1.1200e+02	2.5375e+00	-2.6091e-01	0.0000e+00	0.0000e+00
1.2000e+02	1.1200e+02	2.5958e+00	-5.4114e-03	1.0000e+00	0.0000e+00
1.2800e+02	1.1200e+02	2.7785e+00	-6.5300e-02	0.0000e+00	0.0000e+00
1.3600e+02	1.1200e+02	2.6524e+00	7.4902e-02	1.0000e+00	0.0000e+00
1.4400e+02	1.1200e+02	2.6774e+00	1.3590e-01	0.0000e+00	0.0000e+00
1.5200e+02	1.1200e+02	2.6618e+00	6.0983e-02	1.0000e+00	0.0000e+00
1.6000e+02	1.1200e+02	2.7412e+00	-2.8862e-01	0.0000e+00	0.0000e+00
1.6800e+02	1.1200e+02	2.5938e+00	-2.3045e-01	0.0000e+00	0.0000e+00
1.7600e+02	1.1200e+02	2.5748e+00	2.2091e-03	1.0000e+00	0.0000e+00
1.8400e+02	1.1200e+02	2.4365e+00	1.3454e-03	0.0000e+00	0.0000e+00
1.9200e+02	1.1200e+02	2.3870e+00	-1.8083e-02	0.0000e+00	0.0000e+00
2.0000e+02	1.1200e+02	2.2696e+00	-3.0448e-02	0.0000e+00	0.0000e+00
2.0800e+02	1.1200e+02	2.2238e+00	-1.1965e-01	0.0000e+00	0.0000e+00
2.1600e+02	1.1200e+02	2.3339e+00	-1.7919e-01	1.0000e+00	0.0000e+00
2.2400e+02	1.1200e+02	2.3267e+00	-2.4378e-01	1.0000e+00	0.0000e+00
2.3200e+02	1.1200e+02	2.3241e+00	-2.9470e-01	1.0000e+00	0.0000e+00
2.4000e+02	1.1200e+02	2.3204e+00	-3.2556e-01	1.0000e+00	0.0000e+00
2.4800e+02	1.1200e+02	2.3044e+00	-3.5440e-01	1.0000e+00	0.0000e+00
8.0000e+00	1.0400e+02	2.4235e+00	-3.8532e-03	0.0000e+00	0.0000e+00
1.6000e+01	1.0400e+02	2.4441e+00	-1.7570e-02	1.0000e+00	0.0000e+00
2.4000e+01	1.0400e+02	2.4498e+00	-6.8756e-03	1.0000e+00	0.0000e+00
3.2000e+01	1.0400e+02	2.4092e+00	-1.3269e-03	0.0000e+00	0.0000e+00
4.0000e+01	1.0400e+02	2.4763e+00	5.9088e-02	0.0000e+00	0.0000e+00
4.8000e+01	1.0400e+02	2.4877e+00	5.3737e-02	1.0000e+00	0.0000e+00
5.6000e+01	1.0400e+02	2.5114e+00	6.7925e-02	0.0000e+00	0.0000e+00
6.4000e+01	1.0400e+02	2.5010e+00	7.9612e-02	1.0000e+00	0.0000e+00
7.2000e+01	1.0400e+02	2.4943e+00	8.0564e-02	1.0000e+00	0.0000e+00
8.0000e+01	1.0400e+02	2.4756e+00	9.5755e-02	0.0000e+00	0.0000e+00
8.8000e+01	1.0400e+02	2.4198e+00	7.2210e-02	0.0000e+00	0.0000e+00
9.6000e+01	1.0400e+02	2.3054e+00	-3.0846e-02	0.0000e+00	0.0000e+00
1.0400e+02	1.0400e+02	2.4605e+00	1.3642e-02	1.0000e+00	0.0000e+00
1.1200e+02	1.0400e+02	2.5001e+00	2.2860e-02	1.0000e+00	0.0000e+00
1.2000e+02	1.0400e+02	2.5132e+00	-2.1642e-02	0.0000e+00	0.0000e+00
1.2800e+02	1.0400e+02	2.6078e+00	9.5664e-02	0.0000e+00	0.0000e+00
1.3600e+02	1.0400e+02	2.5627e+00	1.9941e-01	0.0000e+00	0.0000e+00
1.4400e+02	1.0400e+02	2.5598e+00	2.0226e-01	0.0000e+00	0.0000e+00
1.5200e+02	1.0400e+02	2.6118e+00	7.9855e-03	0.0000e+00	0.0000e+00
1.6000e+02	1.0400e+02	2.6435e+00	6.7360e-02	1.0000e+00	0.0000e+00
1.6800e+02	1.0400e+02	2.6405e+00	2.9331e-02	1.0000e+00	0.0000e+00
1.7600e+02	1.0400e+02	2.7189e+00	-7.3805e-02	0.0000e+00	0.0000e+00
1.8400e+02	1.0400e+02	2.6431e+00	-1.7153e-03	0.0000e+00	0.0000e+00
1.9200e+02	1.0400e+02	2.5995e+00	6.9996e-03	0.0000e+00	0.0000e+00
2.0000e+02	1.0400e+02	2.4732e+00	-2.1891e-02	0.0000e+00	0.0000e+00
2.0800e+02	1.0400e+02	2.3753e+00	-4.8670e-02	0.0000e+00	0.0000e+00
2.1600e+02	1.0400e+02	2.4825e+00	-1.4785e-01	0.0000e+00	0.0000e+00
2.2400e+02	1.0400e+02	2.4023e+00	-2.1649e-01	1.0000e+00	0.0000e+00
2.3200e+02	1.0400e+02	2.2976e+00	-3.6834e-01	0.0000e+00	0.0000e+00
2.4000e+02	1.0400e+02	2.3880e+00	-2.8984e-01	1.0000e+00	0.0000e+00
2.4800e+02	1.0400e+02	2.3961e+00	-2.2110e-01	0.0000e+00	0.0000e+00
8.0000e+00	9.6000e+01	2.4029e+00	-4.5955e-03	0.0000e+00	0.0000e+00
1.6000e+01	9.6000e+01	2.4155e+00	2.5479e-02	0.0000e+00	0.0000e+00
2.4000e+01	9.6000e+01	2.3629e+00	2.9007e-02	1.0000e+00	0.0000e+00
3.2000e+01	9.6000e+01	2.4256e+00	3.8502e-02	0.0000e+00	0.0000e+00
4.0000e+01	9.6000e+01	2.4470e+00	8.5964e-02	0.0000e+00	0.0000e+00
4.8000e+01	9.6000e+01	2.4801e+00	1.1420e-01	0.0000e+00	0.0000e+00
5.6000e+01	9.6000e+01	2.5125e+00	8.6617e-02	0.0000e+00	0.0000e+00
6.4000e+01	9.6000e+01	2.6025e+00	8.7388e-02	0.0000e+00	0.0000e+00
7.2000e+01	9.6000e+01	2.4577e+00	1.1001e-01	1.0000e+00	0.0000e+00
8.0000e+01	9.6000e+01	2.4572e+00	7.8418e-02	1.0000e+00	0.0000e+00
8.8000e+01	9.6000e+01	2.4611e+00	7.0953e-02	0.0000e+00	0.0000e+00
9.6000e+01	9.6000e+01	2.3571e+00	-2.7018e-04	0.0000e+00	0.0000e+00
1.0400e+02	9.6000e+01	2.3958e+00	-2.0821e-02	0.0000e+00	0.0000e+00
1.1200e+02	9.6000e+01	2.4490e+00	6.1333e-02	0.0000e+00	0.0000e+00
1.2000e+02	9.6000e+01	2.4701e+00	1.2546e-01	0.0000e+00	0.0000e+00
1.2800e+02	9.6000e+01	2.5277e+00	2.1294e-01	1.0000e+00	0.0000e+00
1.3600e+02	9.6000e+01	2.5551e+00	2.4286e-01	1.0000e+00	0.0000e+00
1.4400e+02	9.6000e+01	2.5103e+00	3.0871e-01	0.0000e+00	0.0000e+00
1.5200e+02	9.6000e+01	2.5352e+00	2.1336e-01	0.0000e+00	0.0000e+00
1.6000e+02	9.6000e+01	2.6585e+00	4.8548e-02	0.0000e+00	0.0000e+00
1.6800e+02	9.6000e+01	2.6372e+00	8.5626e-02	1.0000e+00	0.0000e+00
1.7600e+02	9.6000e+01	2.6342e+00	4.3715e-02	1.0000e+00	0.0000e+00
1.8400e+02	9.6000e+01	2.7965e+00	8.7586e-02	0.0000e+00	0.0000e+00
1.9200e+02	9.6000e+01	2.5933e+00	3.8072e-03	1.0000e+00	0.0000e+00
2.0000e+02	9.6000e+01	2.5699e+00	-2.2950e-02	1.0000e+00	0.0000e+00
2.0800e+02	9.6000e+01	2.5854e+00	-6.9704e-02	0.0000e+00	0.0000e+00
2.1600e+02	9.6000e+01	2.6770e+00	-6.4468e-02	0.0000e+00	0.0000e+00
2.2400e+02	9.6000e+01	2.4822e+00	-1.8029e-01	1.0000e+00	0.0000e+00
2.3200e+02	9.6000e+01	2.5241e+00	-2.9949e-01	0.0000e+00	0.0000e+00
2.4000e+02	9.6000e+01	2.4518e+00	-2.4658e-01	1.0000e+00	0.0000e+00
2.4800e+02	9.6000e+01	2.4411e+00	-2.7695e-01	1.0000e+00	0.0000e+00
8.0000e+00	8.8000e+01	2.3008e+00	2.5510e-02	1.0000e+00	0.0000e+00
1.6000e+01	8.8000e+01	2.2804e+00	3.7891e-02	1.0000e+00	0.0000e+00
2.4000e+01	8.8000e+01	2.3503e+00	7.5156e-02	0.0000e+00	0.0000e+00
3.2000e+01	8.8000e+01	2.3424e+00	6.6918e-02	0.0000e+00	0.0000e+00
4.0000e+01	8.8000e+01	2.2689e+00	1.0845e-01	0.0000e+00	0.0000e+00
4.8000e+01	8.8000e+01	2.2823e+00	1.6600e-01	1.0000e+00	0.0000e+00
5.6000e+01	8.8000e+01	2.3559e+00	1.8771e-01	0.0000e+00	0.0000e+00
6.4000e+01	8.8000e+01	2.4686e+00	2.2715e-01	0.0000e+00	0.0000e+00
7.2000e+01	8.8000e+01	2.4011e+00	1.5442e-01	1.0000e+00	0.0000e+00
8.0000e+01	8.8000e+01	2.6097e+00	1.1867e-02	0.0000e+00	0.0000e+00
8.8000e+01	8.8000e+01	2.4343e+00	1.0553e-01	1.0000e+00	0.0000e+00
9.6000e+01	8.8000e+01	2.4415e+00	1.2016e-01	1.0000e+00	0.0000e+00
1.0400e+02	8.8000e+01	2.4083e+00	1.2344e-01	0.0000e+00	0.0000e+00
1.1200e+02	8.8000e+01	2.3725e+00	2.0447e-01	0.0000e+00	0.0000e+00
1.2000e+02	8.8000e+01	2.3774e+00	3.3282e-01	0.0000e+00	0.0000e+00
1.2800e+02	8.8000e+01	2.4851e+00	3.5996e-01	1.0000e+00	0.0000e+00
1.3600e+02	8.8000e+01	2.5137e+00	3.7874e-01	1.0000e+00	0.0000e+00
1.4400e+02	8.8000e+01	2.5503e+00	3.5334e-01	1.0000e+00	0.0000e+00
1.5200e+02	8.8000e+01	2.5335e+00	3.6624e-01	0.0000e+00	0.0000e+00
1.6000e+02	8.8000e+01	2.6108e+00	2.2985e-01	1.0000e+00	0.0000e+00
1.6800e+02	8.8000e+01	2.6488e+00	1.5475e-01	1.0000e+00	0.0000e+00
1.7600e+02	8.8000e+01	2.6580e+00	9.2468e-02	1.0000e+00	0.0000e+00
1.8400e+02	8.8000e+01	2.7753e+00	6.1419e-02	0.0000e+00	0.0000e+00
1.9200e+02	8.8000e+01	2.6468e+00	2.3466e-02	1.0000e+00	0.0000e+00
2.0000e+02	8.8000e+01	2.8088e+00	2.7638e-02	0.0000e+00	0.0000e+00
2.0800e+02	8.8000e+01	2.7509e+00	-9.6526e-03	0.0000e+00	0.0000e+00
2.1600e+02	8.8000e+01	2.5622e+00	-1.0295e-01	1.0000e+00	0.0000e+00
2.2400e+02	8.8000e+01	2.6186e+00	-5.4107e-02	0.0000e+00	0.0000e+00
2.3200e+02	8.8000e+01	2.5414e+00	-3.2663e-01	0.0000e+00	0.0000e+00
2.4000e+02	8.8000e+01	2.5094e+00	-3.2021e-01	0.0000e+00	0.0000e+00
2.4800e+02	8.8000e+01	2.4964e+00	-1.9863e-01	0.0000e+00	0.0000e+00
8.0000e+00	8.0000e+01	2.2353e+00	-4.8530e-03	0.0000e+00	0.0000e+00
1.6000e+01	8.0000e+01	2.2966e+00	3.2772e-02	0.0000e+00	0.0000e+00
2.4000e+01	8.0000e+01	2.2199e+00	9.5104e-02	0.0000e+00	0.0000e+00
3.2000e+01	8.0000e+01	2.0361e+00	1.3447e-01	0.0000e+00	0.0000e+00
4.0000e+01	8.0000e+01	1.9753e+00	1.9186e-01	0.0000e+00	0.0000e+00
4.8000e+01	8.0000e+01	2.1714e+00	2.2203e-01	1.0000e+00	0.0000e+00
5.6000e+01	8.0000e+01	2.0827e+00	3.7971e-01	0.0000e+00	0.0000e+00
6.4000e+01	8.0000e+01	2.2793e+00	2.3412e-01	1.0000e+00	0.0000e+00
7.2000e+01	8.0000e+01	2.4292e+00	1.8969e-01	0.0000e+00	0.0000e+00
8.0000e+01	8.0000e+01	2.5414e+00	4.5788e-02	0.0000e+00	0.0000e+00
8.8000e+01	8.0000e+01	2.4103e+00	1.5782e-01	1.0000e+00	0.0000e+00
9.6000e+01	8.0000e+01	2.4848e+00	-2.9018e-02	0.0000e+00	0.0000e+00
1.0400e+02	8.0000e+01	2.4330e+00	2.6966e-01	1.0000e+00	0.0000e+00
1.1200e+02	8.0000e+01	2.4388e+00	3.5108e-01	1.0000e+00	0.0000e+00
1.2000e+02	8.0000e+01	2.4425e+00	4.3762e-01	1.0000e+00	0.0000e+00
1.2800e+02	8.0000e+01	2.4435e+00	5.2732e-01	0.0000e+00	0.0000e+00
1.3600e+02	8.0000e+01	2.4768e+00	5.0036e-01	1.0000e+00	0.0000e+00
1.4400e+02	8.0000e+01	2.5742e+00	5.1492e-01	0.0000e+00	0.0000e+00
1.5200e+02	8.0000e+01	2.6249e+00	4.7026e-01	0.0000e+00	0.0000e+00
1.6000e+02	8.0000e+01	2.5569e+00	3.7334e-01	0.0000e+00	0.0000e+00
1.6800e+02	8.0000e+01	2.5923e+00	1.9978e-01	0.0000e+00	0.0000e+00
1.7600e+02	8.0000e+01	2.6425e+00	1.2097e-01	1.0000e+00	0.0000e+00
1.8400e+02	8.0000e+01	2.6795e+00	3.8934e-02	0.0000e+00	0.0000e+00
1.9200e+02	8.0000e+01	2.6814e+00	7.1250e-02	0.0000e+00	0.0000e+00
2.0000e+02	8.0000e+01	2.6395e+00	-3.6822e-03	1.0000e+00	0.0000e+00
2.0800e+02	8.0000e+01	2.6003e+00	-3.8365e-02	1.0000e+00	0.0000e+00
2.1600e+02	8.0000e+01	2.6362e+00	-2.5314e-02	0.0000e+00	0.0000e+00
2.2400e+02	8.0000e+01	2.5497e+00	-1.4255e-01	1.0000e+00	0.0000e+00
2.3200e+02	8.0000e+01	2.5297e+00	-1.7063e-01	1.0000e+00	0.0000e+00
2.4000e+02	8.0000e+01	2.5241e+00	-2.6030e-01	0.0000e+00	0.0000e+00
2.4800e+02	8.0000e+01	2.5882e+00	-1.4741e-01	0.0000e+00	0.0000e+00
8.0000e+00	7.2000e+01	2.2227e+00	-4.5428e-02	0.0000e+00	0.0000e+00
1.6000e+01	7.2000e+01	2.1254e+00	6.0767e-02	1.0000e+00	0.0000e+00
2.4000e+01	7.2000e+01	2.0268e+00	6.7959e-02	0.0000e+00	0.0000e+00
3.2000e+01	7.2000e+01	1.8825e+00	1.3660e-01	0.0000e+00	0.0000e+00
4.0000e+01	7.2000e+01	2.0247e+00	2.3858e-01	1.0000e+00	0.0000e+00
4.8000e+01	7.2000e+01	2.0417e+00	2.9324e-01	1.0000e+00	0.0000e+00
5.6000e+01	7.2000e+01	1.9271e+00	4.8564e-01	0.0000e+00	0.0000e+00
6.4000e+01	7.2000e+01	2.0295e+00	4.4846e-01	0.0000e+00	0.0000e+00
7.2000e+01	7.2000e+01	2.2490e+00	2.8389e-01	0.0000e+00	0.0000e+00
8.0000e+01	7.2000e+01	2.4211e+00	1.2217e-01	0.0000e+00	0.0000e+00
8.8000e+01	7.2000e+01	2.4642e+00	4.8815e-02	0.0000e+00	0.0000e+00
9.6000e+01	7.2000e+01	2.4336e+00	2.7301e-01	1.0000e+00	0.0000e+00
1.0400e+02	7.2000e+01	2.4308e+00	3.6939e-01	1.0000e+00	0.0000e+00
1.1200e+02	7.2000e+01	2.4538e+00	5.7288e-01	0.0000e+00	0.0000e+00
1.2000e+02	7.2000e+01	2.3858e+00	8.2070e-01	0.0000e+00	0.0000e+00
1.2800e+02	7.2000e+01	2.4271e+00	7.7091e-01	0.0000e+00	0.0000e+00
1.3600e+02	7.2000e+01	2.4565e+00	6.7148e-01	0.0000e+00	0.0000e+00
1.4400e+02	7.2000e+01	2.4909e+00	6.9856e-01	0.0000e+00	0.0000e+00
1.5200e+02	7.2000e+01	2.6162e+00	6.1122e-01	0.0000e+00	0.0000e+00
1.6000e+02	7.2000e+01	2.6139e+00	3.4260e-01	0.0000e+00	0.0000e+00
1.6800e+02	7.2000e+01	2.7214e+00	8.7987e-02	0.0000e+00	0.0000e+00
1.7600e+02	7.2000e+01	2.5982e+00	1.5655e-01	1.0000e+00	0.0000e+00
1.8400e+02	7.2000e+01	2.7416e+00	3.8467e-02	0.0000e+00	0.0000e+00
1.9200e+02	7.2000e+01	2.6176e+00	5.4300e-02	1.0000e+00	0.0000e+00
2.0000e+02	7.2000e+01	2.6057e+00	9.2197e-02	0.0000e+00	0.0000e+00
2.0800e+02	7.2000e+01	2.6303e+00	-2.0007e-02	0.0000e+00	0.0000e+00
2.1600e+02	7.2000e+01	2.5491e+00	-1.2659e-01	0.0000e+00	0.0000e+00
2.2400e+02	7.2000e+01	2.5273e+00	-1.3749e-01	1.0000e+00	0.0000e+00
2.3200e+02	7.2000e+01	2.5208e+00	-1.5646e-01	1.0000e+00	0.0000e+00
2.4000e+02	7.2000e+01	2.4845e+00	-1.6097e-01	0.0000e+00	0.0000e+00
2.4800e+02	7.2000e+01	2.5135e+00	-1.7163e-01	1.0000e+00	0.0000e+00
8.0000e+00	6.4000e+01	2.1763e+00	-1.0339e-01	0.0000e+00	0.0000e+00
1.6000e+01	6.4000e+01	2.0459e+00	-1.2628e-02	0.0000e+00	0.0000e+00
2.4000e+01	6.4000e+01	2.0206e+00	1.1940e-01	1.0000e+00	0.0000e+00
3.2000e+01	6.4000e+01	1.8911e+00	1.3644e-01	0.0000e+00	0.0000e+00
4.0000e+01	6.4000e+01	1.8664e+00	2.6682e-01	0.0000e+00	0.0000e+00
4.8000e+01	6.4000e+01	1.8416e+00	4.2965e-01	0.0000e+00	0.0000e+00
5.6000e+01	6.4000e+01	2.0074e+00	4.0145e-01	1.0000e+00	0.0000e+00
6.4000e+01	6.4000e+01	2.1005e+00	4.0330e-01	1.0000e+00	0.0000e+00
7.2000e+01	6.4000e+01	2.0204e+00	4.2005e-01	0.0000e+00	0.0000e+00
8.0000e+01	6.4000e+01	2.2638e+00	2.8612e-01	0.0000e+00	0.0000e+00
8.8000e+01	6.4000e+01	2.3417e+00	1.5271e-01	0.0000e+00	0.0000e+00
9.6000e+01	6.4000e+01	2.4030e+00	1.8176e-01	0.0000e+00	0.0000e+00
1.0400e+02	6.4000e+01	2.5182e+00	5.0000e-01	0.0000e+00	0.0000e+00
1.1200e+02	6.4000e+01	2.5634e+00	7.1418e-01	0.0000e+00	0.0000e+00
1.2000e+02	6.4000e+01	2.4794e+00	8.3502e-01	0.0000e+00	0.0000e+00
1.2800e+02	6.4000e+01	2.3829e+00	6.4516e-01	1.0000e+00	0.0000e+00
1.3600e+02	6.4000e+01	2.2100e+00	8.1247e-01	0.0000e+00	0.0000e+00
1.4400e+02	6.4000e+01	2.3880e+00	5.6140e-01	1.0000e+00	0.0000e+00
1.5200e+02	6.4000e+01	2.4938e+00	6.2848e-01	0.0000e+00	0.0000e+00
1.6000e+02	6.4000e+01	2.4914e+00	3.5467e-01	0.0000e+00	0.0000e+00
1.6800e+02	6.4000e+01	2.5203e+00	2.7551e-01	1.0000e+00	0.0000e+00
1.7600e+02	6.4000e+01	2.6454e+00	-2.0079e-02	0.0000e+00	0.0000e+00
1.8400e+02	6.4000e+01	2.6921e+00	5.7593e-03	0.0000e+00	0.0000e+00
1.9200e+02	6.4000e+01	2.5471e+00	7.2820e-02	1.0000e+00	0.0000e+00
2.0000e+02	6.4000e+01	2.5243e+00	1.0656e-01	0.0000e+00	0.0000e+00
2.0800e+02	6.4000e+01	2.5244e+00	2.9061e-03	0.0000e+00	0.0000e+00
2.1600e+02	6.4000e+01	2.4964e+00	-2.5662e-01	0.0000e+00	0.0000e+00
2.2400e+02	6.4000e+01	2.4974e+00	-1.3091e-01	1.0000e+00	0.0000e+00
2.3200e+02	6.4000e+01	2.4174e+00	-1.9400e-01	0.0000e+00	0.0000e+00
2.4000e+02	6.4000e+01	2.4385e+00	-9.6990e-02	0.0000e+00	0.0000e+00
2.4800e+02	6.4000e+01	2.5332e+00	-3.7391e-02	0.0000e+00	0.0000e+00
8.0000e+00	5.6000e+01	2.1193e+00	2.9128e-02	0.0000e+00	0.0000e+00
1.6000e+01	5.6000e+01	2.0849e+00	5.2534e-02	0.0000e+00	0.0000e+00
2.4000e+01	5.6000e+01	1.9574e+00	9.7045e-02	0.0000e+00	0.0000e+00
3.2000e+01	5.6000e+01	1.9585e+00	2.3528e-01	1.0000e+00	0.0000e+00
4.0000e+01	5.6000e+01	1.7670e+00	3.2966e-01	0.0000e+00	0.0000e+00
4.8000e+01	5.6000e+01	1.9646e+00	4.1696e-01	1.0000e+00	0.0000e+00
5.6000e+01	5.6000e+01	1.5227e+00	7.2479e-01	0.0000e+00	0.0000e+00
6.4000e+01	5.6000e+01	2.1101e+00	4.7692e-01	1.0000e+00	0.0000e+00
7.2000e+01	5.6000e+01	1.9420e+00	6.2964e-01	0.0000e+00	0.0000e+00
8.0000e+01	5.6000e+01	2.3143e+00	4.1381e-01	1.0000e+00	0.0000e+00
8.8000e+01	5.6000e+01	2.3408e+00	3.4408e-01	0.0000e+00	0.0000e+00
9.6000e+01	5.6000e+01	2.4585e+00	4.4013e-01	1.0000e+00	0.0000e+00
1.0400e+02	5.6000e+01	2.4770e+00	5.1297e-01	1.0000e+00	0.0000e+00
1.1200e+02	5.6000e+01	2.4658e+00	5.8112e-01	1.0000e+00	0.0000e+00
1.2000e+02	5.6000e+01	2.4129e+00	7.9495e-01	0.0000e+00	0.0000e+00
1.2800e+02	5.6000e+01	2.2525e+00	7.6258e-01	0.0000e+00	0.0000e+00
1.3600e+02	5.6000e+01	2.1220e+00	7.2496e-01	0.0000e+00	0.0000e+00
1.4400e+02	5.6000e+01	2.2532e+00	6.0073e-01	0.0000e+00	0.0000e+00
1.5200e+02	5.6000e+01	2.3632e+00	4.6946e-01	1.0000e+00	0.0000e+00
1.6000e+02	5.6000e+01	2.3399e+00	3.8712e-01	0.0000e+00	0.0000e+00
1.6800e+02	5.6000e+01	2.4165e+00	2.3443e-01	0.0000e+00	0.0000e+00
1.7600e+02	5.6000e+01	2.4710e+00	2.2984e-01	1.0000e+00	0.0000e+00
1.8400e+02	5.6000e+01	2.4862e+00	1.7263e-01	1.0000e+00	0.0000e+00
1.9200e+02	5.6000e+01	2.4824e+00	1.1014e-01	1.0000e+00	0.0000e+00
2.0000e+02	5.6000e+01	2.4754e+00	5.4127e-02	0.0000e+00	0.0000e+00
2.0800e+02	5.6000e+01	2.4067e+00	-5.6337e-02	0.0000e+00	0.0000e+00
2.1600e+02	5.6000e+01	2.4294e+00	-2.3761e-01	0.0000e+00	0.0000e+00
2.2400e+02	5.6000e+01	2.4412e+00	-1.1856e-01	1.0000e+00	0.0000e+00
2.3200e+02	5.6000e+01	2.4807e+00	-1.8426e-01	0.0000e+00	0.0000e+00
2.4000e+02	5.6000e+01	2.4798e+00	-1.1466e-01	0.0000e+00	0.0000e+00
2.4800e+02	5.6000e+01	2.6411e+00	-2.6574e-02	0.0000e+00	0.0000e+00
8.0000e+00	4.8000e+01	2.1986e+00	1.3529e-01	0.0000e+00	0.0000e+00
1.6000e+01	4.8000e+01	1.9874e+00	1.3699e-01	1.0000e+00	0.0000e+00
2.4000e+01	4.8000e+01	1.9870e+00	1.8747e-01	1.0000e+00	0.0000e+00
3.2000e+01	4.8000e+01	1.6787e+00	1.9285e-01	0.0000e+00	0.0000e+00
4.0000e+01	4.8000e+01	1.7791e+00	3.4508e-01	0.0000e+00	0.0000e+00
4.8000e+01	4.8000e+01	2.0400e+00	4.7239e-01	1.0000e+00	0.0000e+00
5.6000e+01	4.8000e+01	1.7702e+00	6.9725e-01	0.0000e+00	0.0000e+00
6.4000e+01	4.8000e+01	2.1710e+00	5.4350e-01	1.0000e+00	0.0000e+00
7.2000e+01	4.8000e+01	2.2463e+00	5.2557e-01	1.0000e+00	0.0000e+00
8.0000e+01	4.8000e+01	2.1893e+00	5.7772e-01	0.0000e+00	0.0000e+00
8.8000e+01	4.8000e+01	2.3492e+00	5.2934e-01	0.0000e+00	0.0000e+00
9.6000e+01	4.8000e+01	2.5192e+00	4.9090e-01	1.0000e+00	0.0000e+00
1.0400e+02	4.8000e+01	2.5404e+00	5.3192e-01	1.0000e+00	0.0000e+00
1.1200e+02	4.8000e+01	2.5255e+00	5.6331e-01	1.0000e+00	0.0000e+00
1.2000e+02	4.8000e+01	2.3920e+00	7.1928e-01	0.0000e+00	0.0000e+00
1.2800e+02	4.8000e+01	2.2772e+00	6.2052e-01	0.0000e+00	0.0000e+00
1.3600e+02	4.8000e+01	2.1271e+00	5.8745e-01	0.0000e+00	0.0000e+00
1.4400e+02	4.8000e+01	2.1953e+00	4.9704e-01	0.0000e+00	0.0000e+00
1.5200e+02	4.8000e+01	2.2212e+00	4.0000e-01	0.0000e+00	0.0000e+00
1.6000e+02	4.8000e+01	2.3468e+00	3.9667e-01	1.0000e+00	0.0000e+00
1.6800e+02	4.8000e+01	2.3815e+00	3.4627e-01	1.0000e+00	0.0000e+00
1.7600e+02	4.8000e+01	2.3297e+00	3.2454e-01	0.0000e+00	0.0000e+00
1.8400e+02	4.8000e+01	2.4001e+00	2.0210e-01	0.0000e+00	0.0000e+00
1.9200e+02	4.8000e+01	2.4018e+00	1.6380e-01	1.0000e+00	0.0000e+00
2.0000e+02	4.8000e+01	2.4136e+00	4.5575e-02	0.0000e+00	0.0000e+00
2.0800e+02	4.8000e+01	2.3774e+00	-8.7845e-02	0.0000e+00	0.0000e+00
2.1600e+02	4.8000e+01	2.4202e+00	-1.7837e-01	0.0000e+00	0.0000e+00
2.2400e+02	4.8000e+01	2.5427e+00	-1.5699e-01	0.0000e+00	0.0000e+00
2.3200e+02	4.8000e+01	2.4831e+00	-1.3954e-01	0.0000e+00	0.0000e+00
2.4000e+02	4.8000e+01	2.4194e+00	-8.0792e-02	0.0000e+00	0.0000e+00
2.4800e+02	4.8000e+01	2.3553e+00	-6.6205e-02	1.0000e+00	0.0000e+00
8.0000e+00	4.0000e+01	1.9754e+00	1.3124e-01	1.0000e+00	0.0000e+00
1.6000e+01	4.0000e+01	1.7289e+00	7.3268e-02	0.0000e+00	0.0000e+00
2.4000e+01	4.0000e+01	2.0213e+00	2.3944e-01	1.0000e+00	0.0000e+00
3.2000e+01	4.0000e+01	2.0577e+00	3.4241e-01	1.0000e+00	0.0000e+00
4.0000e+01	4.0000e+01	2.1052e+00	4.6610e-01	0.0000e+00	0.0000e+00
4.8000e+01	4.0000e+01	2.2165e+00	6.0326e-01	0.0000e+00	0.0000e+00
5.6000e+01	4.0000e+01	2.3274e+00	6.4211e-01	0.0000e+00	0.0000e+00
6.4000e+01	4.0000e+01	2.2438e+00	6.2240e-01	1.0000e+00	0.0000e+00
7.2000e+01	4.0000e+01	2.4733e+00	4.8972e-01	0.0000e+00	0.0000e+00
8.0000e+01	4.0000e+01	2.5093e+00	4.9733e-01	0.0000e+00	0.0000e+00
8.8000e+01	4.0000e+01	2.5087e+00	5.3949e-01	1.0000e+00	0.0000e+00
9.6000e+01	4.0000e+01	2.7634e+00	6.6122e-01	0.0000e+00	0.0000e+00
1.0400e+02	4.0000e+01	2.6060e+00	5.1888e-01	1.0000e+00	0.0000e+00
1.1200e+02	4.0000e+01	2.5930e+00	5.1745e-01	1.0000e+00	0.0000e+00
1.2000e+02	4.0000e+01	2.5235e+00	5.1333e-01	1.0000e+00	0.0000e+00
1.2800e+02	4.0000e+01	2.4588e+00	5.0715e-01	1.0000e+00	0.0000e+00
1.3600e+02	4.0000e+01	2.2964e+00	5.0653e-01	0.0000e+00	0.0000e+00
1.4400e+02	4.0000e+01	2.2651e+00	4.5616e-01	0.0000e+00	0.0000e+00
1.5200e+02	4.0000e+01	2.2627e+00	3.2463e-01	0.0000e+00	0.0000e+00
1.6000e+02	4.0000e+01	2.1905e+00	3.2798e-01	0.0000e+00	0.0000e+00
1.6800e+02	4.0000e+01	2.3351e+00	3.8675e-01	1.0000e+00	0.0000e+00
1.7600e+02	4.0000e+01	2.2216e+00	4.5964e-01	0.0000e+00	0.0000e+00
1.8400e+02	4.0000e+01	2.3982e+00	3.9227e-01	0.0000e+00	0.0000e+00
1.9200e+02	4.0000e+01	2.4173e+00	2.6173e-01	0.0000e+00	0.0000e+00
2.0000e+02	4.0000e+01	2.3218e+00	8.2588e-02	0.0000e+00	0.0000e+00
2.0800e+02	4.0000e+01	2.3272e+00	-5.0371e-02	0.0000e+00	0.0000e+00
2.1600e+02	4.0000e+01	2.3548e+00	-1.3501e-01	0.0000e+00	0.0000e+00
2.2400e+02	4.0000e+01	2.2330e+00	-3.7924e-02	1.0000e+00	0.0000e+00
2.3200e+02	4.0000e+01	2.2465e+00	-4.2480e-02	1.0000e+00	0.0000e+00
2.4000e+02	4.0000e+01	2.2695e+00	-2.5955e-02	0.0000e+00	0.0000e+00
2.4800e+02	4.0000e+01	2.2470e+00	-2.9110e-02	1.0000e+00	0.0000e+00
8.0000e+00	3.2000e+01	1.9787e+00	1.7161e-01	1.0000e+00	0.0000e+00
1.6000e+01	3.2000e+01	1.7269e+00	1.0059e-01	0.0000e+00	0.0000e+00
2.4000e+01	3.2000e+01	1.9438e+00	1.8840e-01	0.0000e+00	0.0000e+00
3.2000e+01	3.2000e+01	2.2485e+00	3.4533e-01	0.0000e+00	0.0000e+00
4.0000e+01	3.2000e+01	2.4095e+00	5.3935e-01	0.0000e+00	0.0000e+00
4.8000e+01	3.2000e+01	2.4732e+00	7.1756e-01	0.0000e+00	0.0000e+00
5.6000e+01	3.2000e+01	2.2758e+00	6.6836e-01	1.0000e+00	0.0000e+00
6.4000e+01	3.2000e+01	2.3230e+00	6.8377e-01	1.0000e+00	0.0000e+00
7.2000e+01	3.2000e+01	2.3766e+00	6.6600e-01	1.0000e+00	0.0000e+00
8.0000e+01	3.2000e+01	2.6605e+00	5.3477e-01	0.0000e+00	0.0000e+00
8.8000e+01	3.2000e+01	2.7453e+00	5.9613e-01	0.0000e+00	0.0000e+00
9.6000e+01	3.2000e+01	2.8625e+00	5.7732e-01	0.0000e+00	0.0000e+00
1.0400e+02	3.2000e+01	2.6796e+00	5.0065e-01	1.0000e+00	0.0000e+00
1.1200e+02	3.2000e+01	2.6740e+00	4.6564e-01	1.0000e+00	0.0000e+00
1.2000e+02	3.2000e+01	2.6931e+00	4.3780e-01	0.0000e+00	0.0000e+00
1.2800e+02	3.2000e+01	2.6147e+00	3.9917e-01	0.0000e+00	0.0000e+00
1.3600e+02	3.2000e+01	2.5151e+00	3.9494e-01	0.0000e+00	0.0000e+00
1.4400e+02	3.2000e+01	2.3926e+00	3.7538e-01	0.0000e+00	0.0000e+00
1.5200e+02	3.2000e+01	2.2897e+00	2.2865e-01	0.0000e+00	0.0000e+00
1.6000e+02	3.2000e+01	2.3555e+00	4.0433e-01	1.0000e+00	0.0000e+00
1.6800e+02	3.2000e+01	2.2263e+00	6.0586e-01	0.0000e+00	0.0000e+00
1.7600e+02	3.2000e+01	2.3070e+00	5.9647e-01	0.0000e+00	0.0000e+00
1.8400e+02	3.2000e+01	2.3846e+00	4.7930e-01	0.0000e+00	0.0000e+00
1.9200e+02	3.2000e+01	2.3106e+00	3.1160e-01	0.0000e+00	0.0000e+00
2.0000e+02	3.2000e+01	2.1298e+00	1.6767e-01	0.0000e+00	0.0000e+00
2.0800e+02	3.2000e+01	2.0814e+00	9.2594e-02	0.0000e+00	0.0000e+00
2.1600e+02	3.2000e+01	2.1128e+00	5.3247e-02	1.0000e+00	0.0000e+00
2.2400e+02	3.2000e+01	2.1437e+00	-3.7353e-02	0.0000e+00	0.0000e+00
2.3200e+02	3.2000e+01	2.1101e+00	1.7517e-02	1.0000e+00	0.0000e+00
2.4000e+02	3.2000e+01	2.0809e+00	1.7424e-02	0.0000e+00	0.0000e+00
2.4800e+02	3.2000e+01	2.1071e+00	2.0411e-02	1.0000e+00	0.0000e+00
8.0000e+00	2.4000e+01	2.0056e+00	2.0110e-01	1.0000e+00	0.0000e+00
1.6000e+01	2.4000e+01	1.9105e+00	1.0264e-01	0.0000e+00	0.0000e+00
2.4000e+01	2.4000e+01	2.1054e+00	2.4057e-01	0.0000e+00	0.0000e+00
3.2000e+01	2.4000e+01	2.4074e+00	4.5715e-01	0.0000e+00	0.0000e+00
4.0000e+01	2.4000e+01	2.5017e+00	7.5116e-01	0.0000e+00	0.0000e+00
4.8000e+01	2.4000e+01	2.4932e+00	9.3394e-01	0.0000e+00	0.0000e+00
5.6000e+01	2.4000e+01	2.3191e+00	7.4312e-01	0.0000e+00	0.0000e+00
6.4000e+01	2.4000e+01	2.3748e+00	7.6657e-01	1.0000e+00	0.0000e+00
7.2000e+01	2.4000e+01	2.3188e+00	7.5558e-01	0.0000e+00	0.0000e+00
8.0000e+01	2.4000e+01	2.4531e+00	7.1966e-01	0.0000e+00	0.0000e+00
8.8000e+01	2.4000e+01	2.6395e+00	6.2978e-01	0.0000e+00	0.0000e+00
9.6000e+01	2.4000e+01	2.7992e+00	5.3428e-01	0.0000e+00	0.0000e+00
1.0400e+02	2.4000e+01	2.8827e+00	3.4391e-01	0.0000e+00	0.0000e+00
1.1200e+02	2.4000e+01	2.8372e+00	2.6821e-01	0.0000e+00	0.0000e+00
1.2000e+02	2.4000e+01	2.7872e+00	2.8137e-01	0.0000e+00	0.0000e+00
1.2800e+02	2.4000e+01	2.7073e+00	3.3688e-01	0.0000e+00	0.0000e+00
1.3600e+02	2.4000e+01	2.5588e+00	3.4121e-01	1.0000e+00	0.0000e+00
1.4400e+02	2.4000e+01	2.5224e+00	3.3847e-01	0.0000e+00	0.0000e+00
1.5200e+02	2.4000e+01	2.4414e+00	3.7289e-01	1.0000e+00	0.0000e+00
1.6000e+02	2.4000e+01	2.3779e+00	4.4865e-01	0.0000e+00	0.0000e+00
1.6800e+02	2.4000e+01	2.4138e+00	5.3084e-01	0.0000e+00	0.0000e+00
1.7600e+02	2.4000e+01	2.2722e+00	3.7546e-01	1.0000e+00	0.0000e+00
1.8400e+02	2.4000e+01	2.2170e+00	5.2200e-01	0.0000e+00	0.0000e+00
1.9200e+02	2.4000e+01	2.1219e+00	2.6935e-01	1.0000e+00	0.0000e+00
2.0000e+02	2.4000e+01	1.9259e+00	2.2813e-01	0.0000e+00	0.0000e+00
2.0800e+02	2.4000e+01	1.8084e+00	1.8965e-01	0.0000e+00	0.0000e+00
2.1600e+02	2.4000e+01	1.7963e+00	1.4675e-01	0.0000e+00	0.0000e+00
2.2400e+02	2.4000e+01	1.9782e+00	8.1628e-02	1.0000e+00	0.0000e+00
2.3200e+02	2.4000e+01	1.9027e+00	8.4522e-02	0.0000e+00	0.0000e+00
2.4000e+02	2.4000e+01	1.9026e+00	6.3922e-02	0.0000e+00	0.0000e+00
2.4800e+02	2.4000e+01	1.9582e+00	7.9601e-02	0.0000e+00	0.0000e+00
8.0000e+00	1.6000e+01	2.0284e+00	2.1403e-01	1.0000e+00	0.0000e+00
1.6000e+01	1.6000e+01	2.0879e+00	2.8724e-01	1.0000e+00	0.0000e+00
2.4000e+01	1.6000e+01	2.1320e+00	3.8273e-01	1.0000e+00	0.0000e+00
3.2000e+01	1.6000e+01	2.1960e+00	5.3092e-01	1.0000e+00	0.0000e+00
4.0000e+01	1.6000e+01	2.2650e+00	6.5644e-01	1.0000e+00	0.0000e+00
4.8000e+01	1.6000e+01	2.3173e+00	7.5084e-01	1.0000e+00	0.0000e+00
5.6000e+01	1.6000e+01	2.3367e+00	8.1432e-01	1.0000e+00	0.0000e+00
6.4000e+01	1.6000e+01	2.3288e+00	8.3730e-01	0.0000e+00	0.0000e+00
7.2000e+01	1.6000e+01	2.3415e+00	8.7489e-01	0.0000e+00	0.0000e+00
8.0000e+01	1.6000e+01	2.4390e+00	8.2916e-01	0.0000e+00	0.0000e+00
8.8000e+01	1.6000e+01	2.5857e+00	7.3147e-01	0.0000e+00	0.0000e+00
9.6000e+01	1.6000e+01	2.7951e+00	6.4692e-01	0.0000e+00	0.0000e+00
1.0400e+02	1.6000e+01	2.8651e+00	4.3793e-01	0.0000e+00	0.0000e+00
1.1200e+02	1.6000e+01	2.8589e+00	2.4993e-01	0.0000e+00	0.0000e+00
1.2000e+02	1.6000e+01	2.8120e+00	2.0783e-01	0.0000e+00	0.0000e+00
1.2800e+02	1.6000e+01	2.6797e+00	3.1667e-01	1.0000e+00	0.0000e+00
1.3600e+02	1.6000e+01	2.6113e+00	3.1123e-01	1.0000e+00	0.0000e+00
1.4400e+02	1.6000e+01	2.6102e+00	2.9419e-01	0.0000e+00	0.0000e+00
1.5200e+02	1.6000e+01	2.5742e+00	2.9509e-01	0.0000e+00	0.0000e+00
1.6000e+02	1.6000e+01	2.6110e+00	3.7457e-01	0.0000e+00	0.0000e+00
1.6800e+02	1.6000e+01	2.4522e+00	4.5394e-01	0.0000e+00	0.0000e+00
1.7600e+02	1.6000e+01	2.3598e+00	4.5977e-01	0.0000e+00	0.0000e+00
1.8400e+02	1.6000e+01	2.0167e+00	2.5183e-01	0.0000e+00	0.0000e+00
1.9200e+02	1.6000e+01	1.7803e+00	2.0495e-01	0.0000e+00	0.0000e+00
2.0000e+02	1.6000e+01	1.9800e+00	2.2381e-01	1.0000e+00	0.0000e+00
2.0800e+02	1.6000e+01	1.7610e+00	2.6563e-01	0.0000e+00	0.0000e+00
2.1600e+02	1.6000e+01	1.7557e+00	2.2895e-01	0.0000e+00	0.0000e+00
2.2400e+02	1.6000e+01	1.8120e+00	1.6953e-01	0.0000e+00	0.0000e+00
2.3200e+02	1.6000e+01	1.8051e+00	1.1503e-01	0.0000e+00	0.0000e+00
2.4000e+02	1.6000e+01	1.8292e+00	1.0702e-01	0.0000e+00	0.0000e+00
2.4800e+02	1.6000e+01	1.8692e+00	1.9528e-01	0.0000e+00	0.0000e+00
8.0000e+00	8.0000e+00	2.2130e+00	1.5961e-01	0.0000e+00	0.0000e+00
1.6000e+01	8.0000e+00	2.1292e+00	3.1845e-01	1.0000e+00	0.0000e+00
2.4000e+01	8.0000e+00	2.1584e+00	4.2272e-01	1.0000e+00	0.0000e+00
3.2000e+01	8.0000e+00	2.2079e+00	5.8181e-01	1.0000e+00	0.0000e+00
4.0000e+01	8.0000e+00	2.0466e+00	1.0968e+00	0.0000e+00	0.0000e+00
4.8000e+01	8.0000e+00	2.0492e+00	1.1366e+00	0.0000e+00	0.0000e+00
5.6000e+01	8.0000e+00	2.3244e+00	9.0849e-01	0.0000e+00	0.0000e+00
6.4000e+01	8.0000e+00	2.3723e+00	8.6842e-01	0.0000e+00	0.0000e+00
7.2000e+01	8.0000e+00	2.3885e+00	9.9884e-01	0.0000e+00	0.0000e+00
8.0000e+01	8.0000e+00	2.5310e+00	9.5865e-01	0.0000e+00	0.0000e+00
8.8000e+01	8.0000e+00	2.6190e+00	6.8163e-01	1.0000e+00	0.0000e+00
9.6000e+01	8.0000e+00	2.7182e+00	5.6208e-01	1.0000e+00	0.0000e+00
1.0400e+02	8.0000e+00	2.9093e+00	5.1975e-01	0.0000e+00	0.0000e+00
1.1200e+02	8.0000e+00	2.8395e+00	3.1784e-01	0.0000e+00	0.0000e+00
1.2000e+02	8.0000e+00	2.7847e+00	2.2354e-01	0.0000e+00	0.0000e+00
1.2800e+02	8.0000e+00	2.7100e+00	2.8519e-01	1.0000e+00	0.0000e+00
1.3600e+02	8.0000e+00	2.6771e+00	2.5861e-01	0.0000e+00	0.0000e+00
1.4400e+02	8.0000e+00	2.6247e+00	2.7616e-01	0.0000e+00	0.0000e+00
1.5200e+02	8.0000e+00	2.5944e+00	2.7568e-01	0.0000e+00	0.0000e+00
1.6000e+02	8.0000e+00	2.4683e+00	3.6772e-01	1.0000e+00	0.0000e+00
1.6800e+02	8.0000e+00	2.3689e+00	3.6496e-01	1.0000e+00	0.0000e+00
1.7600e+02	8.0000e+00	2.3290e+00	2.8459e-01	0.0000e+00	0.0000e+00
1.8400e+02	8.0000e+00	2.0327e+00	9.3586e-02	0.0000e+00	0.0000e+00
1.9200e+02	8.0000e+00	1.8238e+00	1.3363e-01	0.0000e+00	0.0000e+00
2.0000e+02	8.0000e+00	1.9053e+00	2.2472e-01	1.0000e+00	0.0000e+00
2.0800e+02	8.0000e+00	1.8614e+00	1.9543e-01	1.0000e+00	0.0000e+00
2.1600e+02	8.0000e+00	1.8482e+00	1.7673e-01	1.0000e+00	0.0000e+00
2.2400e+02	8.0000e+00	1.8379e+00	1.7166e-01	0.0000e+00	0.0000e+00
2.3200e+02	8.0000e+00	1.8509e+00	1.3024e-01	1.0000e+00	0.0000e+00
2.4000e+02	8.0000e+00	1.8377e+00	7.2644e-02	0.0000e+00	0.0000e+00
2.4800e+02	8.0000e+00	1.8300e+00	1.2422e-01	0.0000e+00	0.0000e+00
