# x	y	u	v	flags	mask
8.0000e+00	2.4800e+02	-2.3674e+00	2.9281e-01	0.0000e+00	0.0000e+00
1.6000e+01	2.4800e+02	-2.3239e+00	2.2745e-02	0.0000e+00	0.0000e+00
2.4000e+01	2.4800e+02	-1.4997e+00	1.1634e-01	0.0000e+00	0.0000e+00
3.2000e+01	2.4800e+02	-9.2050e-01	7.0233e-01	1.0000e+00	0.0000e+00
4.0000e+01	2.4800e+02	-4.3786e-01	5.9268e-01	0.0000e+00	0.0000e+00
4.8000e+01	2.4800e+02	-2.3327e-01	5.8044e-01	0.0000e+00	0.0000e+00
5.6000e+01	2.4800e+02	3.3740e-01	8.5232e-01	0.0000e+00	0.0000e+00
6.4000e+01	2.4800e+02	-4.8278e-01	2.4892e-02	1.0000e+00	0.0000e+00
7.2000e+01	2.4800e+02	-4.8121e-01	-2.1666e-01	1.0000e+00	0.0000e+00
8.0000e+01	2.4800e+02	-7.7323e-01	-5.1816e-01	0.0000e+00	0.0000e+00
8.8000e+01	2.4800e+02	-4.2947e-01	-6.3149e-01	1.0000e+00	0.0000e+00
9.6000e+01	2.4800e+02	-1.2155e+00	-2.3355e+00	0.0000e+00	0.0000e+00
1.0400e+02	2.4800e+02	2.2277e-01	-5.9998e-01	1.0000e+00	0.0000e+00
1.1200e+02	2.4800e+02	3.7462e-01	-1.2094e+00	0.0000e+00	0.0000e+00
1.2000e+02	2.4800e+02	9.8236e-01	-4.8567e-01	1.0000e+00	0.0000e+00
1.2800e+02	2.4800e+02	1.2698e+00	-7.0089e-01	0.0000e+00	0.0000e+00
1.3600e+02	2.4800e+02	1.2023e+00	-7.5415e-01	0.0000e+00	0.0000e+00
1.4400e+02	2.4800e+02	1.0362e+00	-4.7294e-01	0.0000e+00	0.0000e+00
1.5200e+02	2.4800e+02	3.7508e-01	-4.1028e-01	0.0000e+00	0.0000e+00
1.6000e+02	2.4800e+02	1.2328e-01	-7.5646e-01	0.0000e+00	0.0000e+00
1.6800e+02	2.4800e+02	1.0429e+00	-5.4715e-01	1.0000e+00	0.0000e+00
1.7600e+02	2.4800e+02	1.2289e+00	-3.0868e-01	1.0000e+00	0.0000e+00
1.8400e+02	2.4800e+02	1.2564e+00	6.8815e-02	1.0000e+00	0.0000e+00
1.9200e+02	2.4800e+02	2.5300e+00	6.5130e-01	0.0000e+00	0.0000e+00
2.0000e+02	2.4800e+02	7.5913e-01	6.6478e-01	1.0000e+00	0.0000e+00
2.0800e+02	2.4800e+02	-1.4855e-01	2.1771e+00	0.0000e+00	0.0000e+00
2.1600e+02	2.4800e+02	-8.9040e-02	6.5830e-01	1.0000e+00	0.0000e+00
2.2400e+02	2.4800e+02	-3.3376e-01	4.7149e-01	1.0000e+00	0.0000e+00
2.3200e+02	2.4800e+02	-4.7596e-01	2.2639e-01	1.0000e+00	0.0000e+00
2.4000e+02	2.4800e+02	-5.6913e-01	-9.5008e-01	0.0000e+00	0.0000e+00
2.4800e+02	2.4800e+02	-5.3659e-01	2.6669e-01	0.0000e+00	0.0000e+00
8.0000e+00	2.4000e+02	-2.3239e+00	-5.3421e-01	0.0000e+00	0.0000e+00
1.6000e+01	2.4000e+02	-2.2446e+00	1.0461e-01	0.0000e+00	0.0000e+00
2.4000e+01	2.4000e+02	-1.1382e+00	7.2912e-01	0.0000e+00	0.0000e+00
3.2000e+01	2.4000e+02	-6.0415e-01	9.7803e-01	0.0000e+00	0.0000e+00
4.0000e+01	2.4000e+02	4.6697e-02	1.3251e+00	0.0000e+00	0.0000e+00
4.8000e+01	2.4000e+02	-5.7993e-01	5.7102e-01	1.0000e+00	0.0000e+00
5.6000e+01	2.4000e+02	1.1116e+00	1.1380e+00	0.0000e+00	0.0000e+00
6.4000e+01	2.4000e+02	-7.8889e-01	-4.2333e-01	0.0000e+00	0.0000e+00
7.2000e+01	2.4000e+02	-6.5950e-01	-2.7521e-01	1.0000e+00	0.0000e+00
8.0000e+01	2.4000e+02	-4.2197e-01	-7.4116e-01	0.0000e+00	0.0000e+00
8.8000e+01	2.4000e+02	-3.2977e-01	-6.8016e-01	0.0000e+00	0.0000e+00
9.6000e+01	2.4000e+02	-2.4451e-01	-7.2542e-01	0.0000e+00	0.0000e+00
1.0400e+02	2.4000e+02	3.8059e-01	-5.3599e-01	0.0000e+00	0.0000e+00
1.1200e+02	2.4000e+02	7.8687e-01	-2.4995e-01	0.0000e+00	0.0000e+00
1.2000e+02	2.4000e+02	7.1284e-01	-3.7474e-01	1.0000e+00	0.0000e+00
1.2800e+02	2.4000e+02	1.4163e+00	-6.3069e-01	0.0000e+00	0.0000e+00
1.3600e+02	2.4000e+02	9.7795e-01	-5.3010e-01	1.0000e+00	0.0000e+00
1.4400e+02	2.4000e+02	1.5619e+00	-4.7203e-01	0.0000e+00	0.0000e+00
1.5200e+02	2.4000e+02	1.3402e+00	-7.5767e-01	0.0000e+00	0.0000e+00
1.6000e+02	2.4000e+02	7.2380e-01	-1.5084e+00	0.0000e+00	0.0000e+00
1.6800e+02	2.4000e+02	1.0999e+00	-5.6438e-01	1.0000e+00	0.0000e+00
1.7600e+02	2.4000e+02	1.2470e+00	-3.2845e-01	1.0000e+00	0.0000e+00
1.8400e+02	2.4000e+02	2.1920e+00	1.6718e-01	0.0000e+00	0.0000e+00
1.9200e+02	2.4000e+02	1.9035e+00	6.2609e-01	0.0000e+00	0.0000e+00
2.0000e+02	2.4000e+02	7.3086e-01	5.2764e-01	1.0000e+00	0.0000e+00
2.0800e+02	2.4000e+02	3.6542e-01	5.9446e-01	1.0000e+00	0.0000e+00
2.1600e+02	2.4000e+02	-9.6127e-01	1.5291e+00	0.0000e+00	0.0000e+00
2.2400e+02	2.4000e+02	-2.1716e-01	4.1507e-01	1.0000e+00	0.0000e+00
2.3200e+02	2.4000e+02	-3.4437e-01	2.1714e-01	1.0000e+00	0.0000e+00
2.4000e+02	2.4000e+02	-6.7582e-01	-3.6872e-01	0.0000e+00	0.0000e+00
2.4800e+02	2.4000e+02	-7.2179e-01	-9.9672e-02	0.0000e+00	0.0000e+00
8.0000e+00	2.3200e+02	-1.9340e+00	-8.6064e-01	0.0000e+00	0.0000e+00
1.6000e+01	2.3200e+02	-1.2083e+00	3.4754e-01	0.0000e+00	0.0000e+00
2.4000e+01	2.3200e+02	-5.6853e-01	1.8180e+00	0.0000e+00	0.0000e+00
3.2000e+01	2.3200e+02	-8.1287e-01	1.0007e+00	1.0000e+00	0.0000e+00
4.0000e+01	2.3200e+02	-6.4554e-01	8.9809e-01	1.0000e+00	0.0000e+00
4.8000e+01	2.3200e+02	-6.4973e-01	5.7293e-01	1.0000e+00	0.0000e+00
5.6000e+01	2.3200e+02	-6.5551e-01	2.9004e-01	1.0000e+00	0.0000e+00
6.4000e+01	2.3200e+02	-1.2158e+00	-6.0009e-01	0.0000e+00	0.0000e+00
7.2000e+01	2.3200e+02	-1.1520e+00	-3.6727e-01	0.0000e+00	0.0000e+00
8.0000e+01	2.3200e+02	-7.1961e-01	-4.6661e-01	1.0000e+00	0.0000e+00
8.8000e+01	2.3200e+02	-5.5045e-01	-4.5412e-01	1.0000e+00	0.0000e+00
9.6000e+01	2.3200e+02	-1.5260e-01	-5.0120e-01	0.0000e+00	0.0000e+00
1.0400e+02	2.3200e+02	1.5692e-01	-2.5645e-01	0.0000e+00	0.0000e+00
1.1200e+02	2.3200e+02	9.8138e-01	1.6253e-02	0.0000e+00	0.0000e+00
1.2000e+02	2.3200e+02	1.5168e+00	1.7744e-01	0.0000e+00	0.0000e+00
1.2800e+02	2.3200e+02	1.6491e+00	-4.4954e-01	0.0000e+00	0.0000e+00
1.3600e+02	2.3200e+02	1.7011e+00	-6.2786e-01	0.0000e+00	0.0000e+00
1.4400e+02	2.3200e+02	1.5213e+00	-5.6498e-01	0.0000e+00	0.0000e+00
1.5200e+02	2.3200e+02	7.9690e-01	-7.6529e-01	1.0000e+00	0.0000e+00
1.6000e+02	2.3200e+02	9.5421e-01	-1.9077e+00	0.0000e+00	0.0000e+00
1.6800e+02	2.3200e+02	1.0334e+00	-1.9551e+00	0.0000e+00	0.0000e+00
1.7600e+02	2.3200e+02	9.0133e-01	1.2414e+00	0.0000e+00	0.0000e+00
1.8400e+02	2.3200e+02	1.1624e+00	3.0250e-01	0.0000e+00	0.0000e+00
1.9200e+02	2.3200e+02	9.0416e-01	2.4208e-01	0.0000e+00	0.0000e+00
2.0000e+02	2.3200e+02	6.6169e-01	2.4344e-01	0.0000e+00	0.0000e+00
2.0800e+02	2.3200e+02	2.2924e-01	4.2807e-01	0.0000e+00	0.0000e+00
2.1600e+02	2.3200e+02	-2.8435e-01	6.6020e-01	0.0000e+00	0.0000e+00
2.2400e+02	2.3200e+02	-7.3993e-01	5.4583e-01	0.0000e+00	0.0000e+00
2.3200e+02	2.3200e+02	-1.8323e-01	2.1184e-01	1.0000e+00	0.0000e+00
2.4000e+02	2.3200e+02	-1.9384e-01	8.2030e-02	1.0000e+00	0.0000e+00
2.4800e+02	2.3200e+02	-3.5140e-01	-6.6060e-01	0.0000e+00	0.0000e+00
8.0000e+00	2.2400e+02	-1.3397e+00	-1.5276e+00	0.0000e+00	0.0000e+00
1.6000e+01	2.2400e+02	-8.2981e-01	8.4585e-01	1.0000e+00	0.0000e+00
2.4000e+01	2.2400e+02	-4.6667e-01	2.1125e+00	0.0000e+00	0.0000e+00
3.2000e+01	2.2400e+02	-4.5707e-01	1.9043e+00	0.0000e+00	0.0000e+00
4.0000e+01	2.2400e+02	-9.3028e-01	1.9509e+00	0.0000e+00	0.0000e+00
4.8000e+01	2.2400e+02	-7.5417e-01	5.9330e-01	1.0000e+00	0.0000e+00
5.6000e+01	2.2400e+02	-1.8101e+00	-1.1964e+00	0.0000e+00	0.0000e+00
6.4000e+01	2.2400e+02	-1.1726e+00	-4.6871e-01	0.0000e+00	0.0000e+00
7.2000e+01	2.2400e+02	-1.0624e+00	-1.5638e-01	0.0000e+00	0.0000e+00
8.0000e+01	2.2400e+02	-1.0588e+00	-1.3000e-01	0.0000e+00	0.0000e+00
8.8000e+01	2.2400e+02	-8.6785e-01	-3.0279e-01	0.0000e+00	0.0000e+00
9.6000e+01	2.2400e+02	-6.8277e-01	-2.9996e-01	0.0000e+00	0.0000e+00
1.0400e+02	2.2400e+02	-3.8387e-01	8.0788e-02	0.0000e+00	0.0000e+00
1.1200e+02	2.2400e+02	-1.7613e-01	3.2956e-01	0.0000e+00	0.0000e+00
1.2000e+02	2.2400e+02	-1.0886e-01	-1.1359e-01	1.0000e+00	0.0000e+00
1.2800e+02	2.2400e+02	2.4950e-02	-1.6133e-01	1.0000e+00	0.0000e+00
1.3600e+02	2.2400e+02	1.4592e-01	-2.9384e-01	1.0000e+00	0.0000e+00
1.4400e+02	2.2400e+02	2.6571e-01	-9.2435e-01	0.0000e+00	0.0000e+00
1.5200e+02	2.2400e+02	7.1570e-01	-1.0706e+00	0.0000e+00	0.0000e+00
1.6000e+02	2.2400e+02	1.1952e+00	-1.4397e+00	0.0000e+00	0.0000e+00
1.6800e+02	2.2400e+02	1.0140e+00	-4.7694e-01	1.0000e+00	0.0000e+00
1.7600e+02	2.2400e+02	2.2839e+00	-6.2172e-02	0.0000e+00	0.0000e+00
1.8400e+02	2.2400e+02	1.1125e+00	-8.5701e-02	1.0000e+00	0.0000e+00
1.9200e+02	2.2400e+02	8.6667e-01	7.1142e-02	0.0000e+00	0.0000e+00
2.0000e+02	2.2400e+02	6.7974e-01	-9.5451e-03	0.0000e+00	0.0000e+00
2.0800e+02	2.2400e+02	3.9563e-01	1.6483e-01	0.0000e+00	0.0000e+00
2.1600e+02	2.2400e+02	1.2769e-01	3.5840e-01	0.0000e+00	0.0000e+00
2.2400e+02	2.2400e+02	3.0845e-02	4.0003e-01	0.0000e+00	0.0000e+00
2.3200e+02	2.2400e+02	1.3426e-01	2.4473e-01	0.0000e+00	0.0000e+00
2.4000e+02	2.2400e+02	-3.2445e-02	7.6292e-02	1.0000e+00	0.0000e+00
2.4800e+02	2.2400e+02	-3.2746e-02	-5.4415e-02	1.0000e+00	0.0000e+00
8.0000e+00	2.1600e+02	-5.2156e-01	7.4756e-01	1.0000e+00	0.0000e+00
1.6000e+01	2.1600e+02	5.9397e-01	2.4918e+00	0.0000e+00	0.0000e+00
2.4000e+01	2.1600e+02	-4.8421e-01	1.6411e+00	0.0000e+00	0.0000e+00
3.2000e+01	2.1600e+02	-9.2127e-01	1.2925e+00	0.0000e+00	0.0000e+00
4.0000e+01	2.1600e+02	-1.2345e+00	1.0841e+00	0.0000e+00	0.0000e+00
4.8000e+01	2.1600e+02	-9.5343e-01	5.6739e-01	0.0000e+00	0.0000e+00
5.6000e+01	2.1600e+02	-7.6333e-01	3.2604e-01	1.0000e+00	0.0000e+00
6.4000e+01	2.1600e+02	-6.9256e-01	-2.0983e-01	0.0000e+00	0.0000e+00
7.2000e+01	2.1600e+02	-6.5871e-01	-1.7636e-01	0.0000e+00	0.0000e+00
8.0000e+01	2.1600e+02	-7.1434e-01	-2.7703e-01	0.0000e+00	0.0000e+00
8.8000e+01	2.1600e+02	-4.8882e-01	-2.6619e-01	1.0000e+00	0.0000e+00
9.6000e+01	2.1600e+02	-9.8779e-01	-3.1102e-01	0.0000e+00	0.0000e+00
1.0400e+02	2.1600e+02	-4.3453e-01	-8.8551e-02	1.0000e+00	0.0000e+00
1.1200e+02	2.1600e+02	-5.1357e-01	8.9988e-03	1.0000e+00	0.0000e+00
1.2000e+02	2.1600e+02	-4.5731e-01	1.0579e-01	1.0000e+00	0.0000e+00
1.2800e+02	2.1600e+02	-2.3423e+00	-5.3105e-01	0.0000e+00	0.0000e+00
1.3600e+02	2.1600e+02	-2.4284e-01	9.4411e-03	1.0000e+00	0.0000e+00
1.4400e+02	2.1600e+02	-5.4318e-01	-3.7149e-01	0.0000e+00	0.0000e+00
1.5200e+02	2.1600e+02	2.0576e-01	-5.6397e-01	0.0000e+00	0.0000e+00
1.6000e+02	2.1600e+02	7.3405e-01	-5.6447e-01	0.0000e+00	0.0000e+00
1.6800e+02	2.1600e+02	9.0175e-01	-3.5457e-01	1.0000e+00	0.0000e+00
1.7600e+02	2.1600e+02	1.0157e+00	-2.9105e-01	1.0000e+00	0.0000e+00
1.8400e+02	2.1600e+02	1.2833e+00	-1.0843e-01	0.0000e+00	0.0000e+00
1.9200e+02	2.1600e+02	1.0995e+00	-6.7529e-02	0.0000e+00	0.0000e+00
2.0000e+02	2.1600e+02	1.0938e+00	-1.6657e-01	0.0000e+00	0.0000e+00
2.0800e+02	2.1600e+02	4.9584e-01	1.6448e-01	1.0000e+00	0.0000e+00
2.1600e+02	2.1600e+02	6.2125e-01	1.7712e-01	0.0000e+00	0.0000e+00
2.2400e+02	2.1600e+02	2.3477e-01	1.8829e-01	1.0000e+00	0.0000e+00
2.3200e+02	2.1600e+02	6.4785e-01	7.0687e-01	0.0000e+00	0.0000e+00
2.4000e+02	2.1600e+02	6.5710e-01	-2.0475e-02	0.0000e+00	0.0000e+00
2.4800e+02	2.1600e+02	1.1950e-01	-1.0823e-01	1.0000e+00	0.0000e+00
8.0000e+00	2.0800e+02	-2.3352e-01	6.6943e-01	1.0000e+00	0.0000e+00
1.6000e+01	2.0800e+02	8.6622e-01	1.1948e+00	0.0000e+00	0.0000e+00
2.4000e+01	2.0800e+02	-8.2354e-01	8.3504e-01	0.0000e+00	0.0000e+00
3.2000e+01	2.0800e+02	-1.0608e+00	9.6143e-01	0.0000e+00	0.0000e+00
4.0000e+01	2.0800e+02	-1.4015e+00	1.1044e+00	0.0000e+00	0.0000e+00
4.8000e+01	2.0800e+02	-9.7967e-01	6.8471e-01	0.0000e+00	0.0000e+00
5.6000e+01	2.0800e+02	-6.2446e-01	4.7128e-01	1.0000e+00	0.0000e+00
6.4000e+01	2.0800e+02	-1.7065e-01	3.7494e-02	0.0000e+00	0.0000e+00
7.2000e+01	2.0800e+02	-1.4322e-01	-6.3278e-02	0.0000e+00	0.0000e+00
8.0000e+01	2.0800e+02	-3.7477e-01	-3.4880e-01	0.0000e+00	0.0000e+00
8.8000e+01	2.0800e+02	-4.3130e-01	-4.1861e-01	0.0000e+00	0.0000e+00
9.6000e+01	2.0800e+02	-6.6250e-01	-4.8523e-01	0.0000e+00	0.0000e+00
1.0400e+02	2.0800e+02	-4.7295e-01	-1.6195e-01	1.0000e+00	0.0000e+00
1.1200e+02	2.0800e+02	-6.6051e-01	-2.8217e-02	1.0000e+00	0.0000e+00
1.2000e+02	2.0800e+02	-3.0094e+00	8.7813e-01	0.0000e+00	0.0000e+00
1.2800e+02	2.0800e+02	-2.5830e+00	2.6619e-01	0.0000e+00	0.0000e+00
1.3600e+02	2.0800e+02	-1.6151e+00	2.3755e-01	0.0000e+00	0.0000e+00
1.4400e+02	2.0800e+02	-1.5445e-01	1.4634e-01	1.0000e+00	0.0000e+00
1.5200e+02	2.0800e+02	3.2145e-02	7.7281e-02	0.0000e+00	0.0000e+00
1.6000e+02	2.0800e+02	4.5679e-01	4.1616e-02	0.0000e+00	0.0000e+00
1.6800e+02	2.0800e+02	7.9983e-01	-1.6204e-01	0.0000e+00	0.0000e+00
1.7600e+02	2.0800e+02	9.8249e-01	-3.0197e-01	0.0000e+00	0.0000e+00
1.8400e+02	2.0800e+02	9.9398e-01	-1.8448e-01	1.0000e+00	0.0000e+00
1.9200e+02	2.0800e+02	9.3645e-01	-1.3749e-01	1.0000e+00	0.0000e+00
2.0000e+02	2.0800e+02	7.1864e-01	-1.1987e-01	0.0000e+00	0.0000e+00
2.0800e+02	2.0800e+02	6.1418e-01	5.0583e-02	1.0000e+00	0.0000e+00
2.1600e+02	2.0800e+02	6.5664e-01	-3.9864e-02	0.0000e+00	0.0000e+00
2.2400e+02	2.0800e+02	5.5558e-01	6.6370e-01	0.0000e+00	0.0000e+00
2.3200e+02	2.0800e+02	3.2409e-01	-4.5566e-02	1.0000e+00	0.0000e+00
2.4000e+02	2.0800e+02	7.1296e-02	-2.3498e-01	0.0000e+00	0.0000e+00
2.4800e+02	2.0800e+02	1.1383e-01	-5.0490e-01	0.0000e+00	0.0000e+00
8.0000e+00	2.0000e+02	4.6047e-01	5.3538e-01	0.0000e+00	0.0000e+00
1.6000e+01	2.0000e+02	-2.1927e-01	2.5865e-01	0.0000e+00	0.0000e+00
2.4000e+01	2.0000e+02	-1.0554e+00	3.0295e-02	0.0000e+00	0.0000e+00
3.2000e+01	2.0000e+02	-2.0296e+00	8.9816e-01	0.0000e+00	0.0000e+00
4.0000e+01	2.0000e+02	-4.1075e-01	8.0487e-01	1.0000e+00	0.0000e+00
4.8000e+01	2.0000e+02	-3.8285e-01	7.5832e-01	1.0000e+00	0.0000e+00
5.6000e+01	2.0000e+02	-2.9855e-01	6.4317e-01	1.0000e+00	0.0000e+00
6.4000e+01	2.0000e+02	-1.6809e-02	1.9316e-01	0.0000e+00	0.0000e+00
7.2000e+01	2.0000e+02	1.1095e-01	3.1656e-01	0.0000e+00	0.0000e+00
8.0000e+01	2.0000e+02	1.5426e-01	2.4651e-02	0.0000e+00	0.0000e+00
8.8000e+01	2.0000e+02	-1.1681e-01	-4.2570e-01	0.0000e+00	0.0000e+00
9.6000e+01	2.0000e+02	-2.9266e-01	-6.5271e-01	0.0000e+00	0.0000e+00
1.0400e+02	2.0000e+02	-2.2968e-01	-2.5741e-01	1.0000e+00	0.0000e+00
1.1200e+02	2.0000e+02	-4.2196e-01	-7.8326e-02	1.0000e+00	0.0000e+00
1.2000e+02	2.0000e+02	-1.0717e+00	1.3040e+00	0.0000e+00	0.0000e+00
1.2800e+02	2.0000e+02	-1.2799e+00	1.4661e+00	0.0000e+00	0.0000e+00
1.3600e+02	2.0000e+02	-1.2145e+00	8.5031e-01	0.0000e+00	0.0000e+00
1.4400e+02	2.0000e+02	-3.3327e-02	5.6975e-01	0.0000e+00	0.0000e+00
1.5200e+02	2.0000e+02	2.4737e-01	4.6847e-01	1.0000e+00	0.0000e+00
1.6000e+02	2.0000e+02	5.5256e-01	2.4623e-01	1.0000e+00	0.0000e+00
1.6800e+02	2.0000e+02	1.0387e+00	1.6185e-02	0.0000e+00	0.0000e+00
1.7600e+02	2.0000e+02	1.1834e+00	-3.4682e-01	0.0000e+00	0.0000e+00
1.8400e+02	2.0000e+02	8.1796e-01	-6.1239e-01	0.0000e+00	0.0000e+00
1.9200e+02	2.0000e+02	9.3029e-01	-2.6441e-01	1.0000e+00	0.0000e+00
2.0000e+02	2.0000e+02	3.8555e-01	1.6696e-01	0.0000e+00	0.0000e+00
2.0800e+02	2.0000e+02	7.4046e-01	-5.7351e-02	1.0000e+00	0.0000e+00
2.1600e+02	2.0000e+02	3.8969e-01	-1.6484e-01	0.0000e+00	0.0000e+00
2.2400e+02	2.0000e+02	9.7862e-03	5.8833e-01	0.0000e+00	0.0000e+00
2.3200e+02	2.0000e+02	5.1356e-01	-1.8419e-01	1.0000e+00	0.0000e+00
2.4000e+02	2.0000e+02	1.0513e-02	-3.0603e-01	0.0000e+00	0.0000e+00
2.4800e+02	2.0000e+02	4.2399e-03	-5.9278e-01	0.0000e+00	0.0000e+00
8.0000e+00	1.9200e+02	-5.5462e-03	-3.3764e-02	0.0000e+00	0.0000e+00
1.6000e+01	1.9200e+02	3.3429e-01	-4.9998e-02	1.0000e+00	0.0000e+00
2.4000e+01	1.9200e+02	2.3685e-01	3.4671e-01	1.0000e+00	0.0000e+00
3.2000e+01	1.9200e+02	8.6239e-02	6.1260e-01	1.0000e+00	0.0000e+00
4.0000e+01	1.9200e+02	-9.5907e-01	2.3414e+00	0.0000e+00	0.0000e+00
4.8000e+01	1.9200e+02	-4.3683e-02	8.1995e-01	1.0000e+00	0.0000e+00
5.6000e+01	1.9200e+02	4.8496e-02	7.8401e-01	1.0000e+00	0.0000e+00
6.4000e+01	1.9200e+02	1.4736e-01	3.6135e-01	0.0000e+00	0.0000e+00
7.2000e+01	1.9200e+02	1.2125e-01	1.2575e-01	1.0000e+00	0.0000e+00
8.0000e+01	1.9200e+02	1.2396e-01	-2.0972e-01	1.0000e+00	0.0000e+00
8.8000e+01	1.9200e+02	3.0154e-01	-3.5988e-01	0.0000e+00	0.0000e+00
9.6000e+01	1.9200e+02	1.4090e-01	-8.3450e-01	0.0000e+00	0.0000e+00
1.0400e+02	1.9200e+02	2.7375e-01	-9.2280e-01	0.0000e+00	0.0000e+00
1.1200e+02	1.9200e+02	3.4483e-01	-1.0183e+00	0.0000e+00	0.0000e+00
1.2000e+02	1.9200e+02	-1.7814e-01	1.9324e-01	1.0000e+00	0.0000e+00
1.2800e+02	1.9200e+02	-2.0491e-01	4.9470e-01	1.0000e+00	0.0000e+00
1.3600e+02	1.9200e+02	1.2061e-01	1.1962e+00	0.0000e+00	0.0000e+00
1.4400e+02	1.9200e+02	3.2734e-01	8.5717e-01	0.0000e+00	0.0000e+00
1.5200e+02	1.9200e+02	4.9350e-01	1.0697e+00	0.0000e+00	0.0000e+00
1.6000e+02	1.9200e+02	9.7972e-01	1.3665e+00	0.0000e+00	0.0000e+00
1.6800e+02	1.9200e+02	5.9488e-01	2.0971e-01	1.0000e+00	0.0000e+00
1.7600e+02	1.9200e+02	7.3905e-01	-1.0241e-02	1.0000e+00	0.0000e+00
1.8400e+02	1.9200e+02	1.3836e+00	-1.0435e+00	0.0000e+00	0.0000e+00
1.9200e+02	1.9200e+02	9.4754e-01	-1.3251e-01	0.0000e+00	0.0000e+00
2.0000e+02	1.9200e+02	7.3805e-01	8.8714e-02	0.0000e+00	0.0000e+00
2.0800e+02	1.9200e+02	8.0298e-01	-1.0862e-01	1.0000e+00	0.0000e+00
2.1600e+02	1.9200e+02	5.3824e-01	-4.8084e-01	0.0000e+00	0.0000e+00
2.2400e+02	1.9200e+02	7.6117e-01	-1.1535e-01	1.0000e+00	0.0000e+00
2.3200e+02	1.9200e+02	7.4820e-01	-2.5577e-01	1.0000e+00	0.0000e+00
2.4000e+02	1.9200e+02	5.3534e-01	-3.1879e-01	0.0000e+00	0.0000e+00
2.4800e+02	1.9200e+02	4.4614e-01	-1.0217e+00	0.0000e+00	0.0000e+00
8.0000e+00	1.8400e+02	1.7412e+00	-1.9718e+00	0.0000e+00	0.0000e+00
1.6000e+01	1.8400e+02	1.2972e+00	-4.1218e-01	0.0000e+00	0.0000e+00
2.4000e+01	1.8400e+02	1.0253e+00	-8.1737e-01	0.0000e+00	0.0000e+00
3.2000e+01	1.8400e+02	1.6344e+00	-6.4256e-01	0.0000e+00	0.0000e+00
4.0000e+01	1.8400e+02	7.6205e-01	2.5977e+00	0.0000e+00	0.0000e+00
4.8000e+01	1.8400e+02	4.2156e-01	8.3638e-01	1.0000e+00	0.0000e+00
5.6000e+01	1.8400e+02	4.7974e-01	1.0179e+00	0.0000e+00	0.0000e+00
6.4000e+01	1.8400e+02	3.5696e-01	4.7428e-01	0.0000e+00	0.0000e+00
7.2000e+01	1.8400e+02	3.3041e-01	1.3950e-01	1.0000e+00	0.0000e+00
8.0000e+01	1.8400e+02	3.5964e-01	4.8072e-01	0.0000e+00	0.0000e+00
8.8000e+01	1.8400e+02	2.7445e-01	-1.6806e-01	0.0000e+00	0.0000e+00
9.6000e+01	1.8400e+02	6.4552e-01	-1.0843e+00	0.0000e+00	0.0000e+00
1.0400e+02	1.8400e+02	9.7216e-01	-1.1943e+00	0.0000e+00	0.0000e+00
1.1200e+02	1.8400e+02	6.4092e-01	-5.3490e-01	0.0000e+00	0.0000e+00
1.2000e+02	1.8400e+02	1.3295e+00	3.0988e-01	0.0000e+00	0.0000e+00
1.2800e+02	1.8400e+02	1.0998e+00	1.0742e+00	0.0000e+00	0.0000e+00
1.3600e+02	1.8400e+02	4.0216e-01	1.1302e+00	0.0000e+00	0.0000e+00
1.4400e+02	1.8400e+02	3.7905e-01	9.9092e-01	0.0000e+00	0.0000e+00
1.5200e+02	1.8400e+02	4.3218e-01	1.0963e+00	0.0000e+00	0.0000e+00
1.6000e+02	1.8400e+02	5.0825e-01	1.6433e+00	0.0000e+00	0.0000e+00
1.6800e+02	1.8400e+02	9.2642e-01	1.3901e+00	0.0000e+00	0.0000e+00
1.7600e+02	1.8400e+02	9.8506e-01	-1.0766e+00	0.0000e+00	0.0000e+00
1.8400e+02	1.8400e+02	9.8960e-01	-1.0052e+00	0.0000e+00	0.0000e+00
1.9200e+02	1.8400e+02	1.3303e+00	-5.5336e-01	0.0000e+00	0.0000e+00
2.0000e+02	1.8400e+02	1.1635e+00	-2.2645e-01	0.0000e+00	0.0000e+00
2.0800e+02	1.8400e+02	7.8627e-01	-1.0921e-01	1.0000e+00	0.0000e+00
2.1600e+02	1.8400e+02	1.0812e+00	-6.9866e-01	0.0000e+00	0.0000e+00
2.2400e+02	1.8400e+02	8.8329e-01	-8.9488e-02	1.0000e+00	0.0000e+00
2.3200e+02	1.8400e+02	9.3512e-01	-2.5656e-01	1.0000e+00	0.0000e+00
2.4000e+02	1.8400e+02	9.8162e-01	-2.6369e-01	1.0000e+00	0.0000e+00
2.4800e+02	1.8400e+02	9.8742e-01	-9.7938e-01	0.0000e+00	0.0000e+00
8.0000e+00	1.7600e+02	1.7953e+00	-1.6910e+00	0.0000e+00	0.0000e+00
1.6000e+01	1.7600e+02	1.6118e+00	-1.0041e+00	0.0000e+00	0.0000e+00
2.4000e+01	1.7600e+02	9.6846e-01	1.3372e-02	1.0000e+00	0.0000e+00
3.2000e+01	1.7600e+02	2.2575e-02	-6.0857e-01	0.0000e+00	0.0000e+00
4.0000e+01	1.7600e+02	1.3674e+00	2.7177e+00	0.0000e+00	0.0000e+00
4.8000e+01	1.7600e+02	8.5781e-01	9.5852e-01	1.0000e+00	0.0000e+00
5.6000e+01	1.7600e+02	7.4565e-01	7.9908e-01	1.0000e+00	0.0000e+00
6.4000e+01	1.7600e+02	5.1461e-01	3.1099e-01	0.0000e+00	0.0000e+00
7.2000e+01	1.7600e+02	4.6276e-01	1.5862e-02	1.0000e+00	0.0000e+00
8.0000e+01	1.7600e+02	3.9916e-01	-3.8070e-01	1.0000e+00	0.0000e+00
8.8000e+01	1.7600e+02	3.4784e-01	-5.7176e-01	1.0000e+00	0.0000e+00
9.6000e+01	1.7600e+02	5.2857e-01	-1.3585e+00	0.0000e+00	0.0000e+00
1.0400e+02	1.7600e+02	6.4438e-01	-1.2150e+00	0.0000e+00	0.0000e+00
1.1200e+02	1.7600e+02	7.3032e-01	-4.7421e-01	0.0000e+00	0.0000e+00
1.2000e+02	1.7600e+02	7.8119e-01	1.3244e-01	0.0000e+00	0.0000e+00
1.2800e+02	1.7600e+02	7.5648e-01	5.6376e-01	0.0000e+00	0.0000e+00
1.3600e+02	1.7600e+02	4.4849e-01	7.4305e-01	0.0000e+00	0.0000e+00
1.4400e+02	1.7600e+02	1.6393e-01	1.0467e+00	0.0000e+00	0.0000e+00
1.5200e+02	1.7600e+02	-4.7429e-02	1.1456e+00	0.0000e+00	0.0000e+00
1.6000e+02	1.7600e+02	2.7773e-02	6.5289e-01	1.0000e+00	0.0000e+00
1.6800e+02	1.7600e+02	-7.4011e-01	1.2328e+00	0.0000e+00	0.0000e+00
1.7600e+02	1.7600e+02	7.8543e-02	-8.7715e-01	0.0000e+00	0.0000e+00
1.8400e+02	1.7600e+02	4.3145e-01	5.1963e-02	1.0000e+00	0.0000e+00
1.9200e+02	1.7600e+02	4.7227e-01	-3.1940e-01	0.0000e+00	0.0000e+00
2.0000e+02	1.7600e+02	7.7634e-01	-2.6373e-01	0.0000e+00	0.0000e+00
2.0800e+02	1.7600e+02	7.9042e-01	-6.1310e-02	1.0000e+00	0.0000e+00
2.1600e+02	1.7600e+02	9.0707e-01	3.5333e-02	1.0000e+00	0.0000e+00
2.2400e+02	1.7600e+02	1.9877e+00	-2.3375e-01	0.0000e+00	0.0000e+00
2.3200e+02	1.7600e+02	2.1063e+00	2.5572e-01	0.0000e+00	0.0000e+00
2.4000e+02	1.7600e+02	1.1444e+00	-9.0523e-02	1.0000e+00	0.0000e+00
2.4800e+02	1.7600e+02	1.8000e+00	-8.0665e-01	0.0000e+00	0.0000e+00
8.0000e+00	1.6800e+02	1.2399e+00	-1.5330e+00	0.0000e+00	0.0000e+00
1.6000e+01	1.6800e+02	8.9191e-01	-1.7172e+00	0.0000e+00	0.0000e+00
2.4000e+01	1.6800e+02	4.1605e-01	-1.5846e+00	0.0000e+00	0.0000e+00
3.2000e+01	1.6800e+02	1.1335e+00	4.5877e-01	1.0000e+00	0.0000e+00
4.0000e+01	1.6800e+02	1.0599e+00	8.4740e-01	1.0000e+00	0.0000e+00
4.8000e+01	1.6800e+02	2.4569e+00	1.8332e+00	0.0000e+00	0.0000e+00
5.6000e+01	1.6800e+02	8.4013e-01	6.6758e-01	1.0000e+00	0.0000e+00
6.4000e+01	1.6800e+02	1.3280e+00	-5.6902e-01	0.0000e+00	0.0000e+00
7.2000e+01	1.6800e+02	5.1014e-01	-3.0662e-01	0.0000e+00	0.0000e+00
8.0000e+01	1.6800e+02	2.6722e-01	1.9169e-01	0.0000e+00	0.0000e+00
8.8000e+01	1.6800e+02	2.5533e-01	-1.6051e-01	0.0000e+00	0.0000e+00
9.6000e+01	1.6800e+02	3.4485e-01	-1.3654e+00	0.0000e+00	0.0000e+00
1.0400e+02	1.6800e+02	3.6942e-01	-1.1928e+00	0.0000e+00	0.0000e+00
1.1200e+02	1.6800e+02	4.9578e-01	-3.8946e-01	1.0000e+00	0.0000e+00
1.2000e+02	1.6800e+02	5.2224e-01	-6.1242e-02	1.0000e+00	0.0000e+00
1.2800e+02	1.6800e+02	5.6576e-01	3.3842e-01	0.0000e+00	0.0000e+00
1.3600e+02	1.6800e+02	2.5979e-01	3.1221e-01	0.0000e+00	0.0000e+00
1.4400e+02	1.6800e+02	-5.8305e-02	5.4287e-01	0.0000e+00	0.0000e+00
1.5200e+02	1.6800e+02	-6.9933e-01	6.5407e-01	0.0000e+00	0.0000e+00
1.6000e+02	1.6800e+02	-1.0966e-01	6.5313e-01	1.0000e+00	0.0000e+00
1.6800e+02	1.6800e+02	-1.8296e-02	5.5830e-01	1.0000e+00	0.0000e+00
1.7600e+02	1.6800e+02	-1.0939e+00	4.9478e-01	0.0000e+00	0.0000e+00
1.8400e+02	1.6800e+02	3.5454e-01	2.2840e-01	1.0000e+00	0.0000e+00
1.9200e+02	1.6800e+02	1.4792e-01	2.2880e-02	0.0000e+00	0.0000e+00
2.0000e+02	1.6800e+02	6.8141e-01	-1.5474e-02	1.0000e+00	0.0000e+00
2.0800e+02	1.6800e+02	7.4447e-01	2.0630e-02	1.0000e+00	0.0000e+00
2.1600e+02	1.6800e+02	7.2676e-01	9.4586e-02	0.0000e+00	0.0000e+00
2.2400e+02	1.6800e+02	8.8165e-01	1.8859e-01	1.0000e+00	0.0000e+00
2.3200e+02	1.6800e+02	1.7996e+00	4.2265e-01	0.0000e+00	0.0000e+00
2.4000e+02	1.6800e+02	1.0663e+00	1.2847e-01	1.0000e+00	0.0000e+00
2.4800e+02	1.6800e+02	1.8574e+00	-1.2790e+00	0.0000e+00	0.0000e+00
8.0000e+00	1.6000e+02	6.5125e-01	-1.8730e+00	0.0000e+00	0.0000e+00
1.6000e+01	1.6000e+02	7.1808e-01	-1.7696e+00	0.0000e+00	0.0000e+00
2.4000e+01	1.6000e+02	1.0204e+00	-1.2521e-01	1.0000e+00	0.0000e+00
3.2000e+01	1.6000e+02	2.2817e+00	2.9754e+00	0.0000e+00	0.0000e+00
4.0000e+01	1.6000e+02	2.4762e+00	3.4664e+00	0.0000e+00	0.0000e+00
4.8000e+01	1.6000e+02	7.5522e-01	7.1219e-01	1.0000e+00	0.0000e+00
5.6000e+01	1.6000e+02	6.1045e-01	4.4507e-01	1.0000e+00	0.0000e+00
6.4000e+01	1.6000e+02	1.4234e+00	-1.0557e+00	0.0000e+00	0.0000e+00
7.2000e+01	1.6000e+02	9.5796e-01	-1.0173e+00	0.0000e+00	0.0000e+00
8.0000e+01	1.6000e+02	1.8567e-01	-1.9517e-01	0.0000e+00	0.0000e+00
8.8000e+01	1.6000e+02	-1.3043e-01	-4.6312e-01	0.0000e+00	0.0000e+00
9.6000e+01	1.6000e+02	-2.0576e-01	-1.1558e+00	0.0000e+00	0.0000e+00
1.0400e+02	1.6000e+02	2.2761e-01	-7.2971e-01	0.0000e+00	0.0000e+00
1.1200e+02	1.6000e+02	4.6570e-01	-1.4724e-01	0.0000e+00	0.0000e+00
1.2000e+02	1.6000e+02	3.6443e-01	-5.8756e-02	1.0000e+00	0.0000e+00
1.2800e+02	1.6000e+02	4.4368e-01	1.5274e-01	0.0000e+00	0.0000e+00
1.3600e+02	1.6000e+02	2.1725e-01	8.8591e-02	0.0000e+00	0.0000e+00
1.4400e+02	1.6000e+02	-8.8504e-02	1.7984e-01	0.0000e+00	0.0000e+00
1.5200e+02	1.6000e+02	-8.4888e-01	2.5340e-01	0.0000e+00	0.0000e+00
1.6000e+02	1.6000e+02	-7.8915e-01	5.7646e-01	0.0000e+00	0.0000e+00
1.6800e+02	1.6000e+02	-9.0948e-01	7.4721e-01	0.0000e+00	0.0000e+00
1.7600e+02	1.6000e+02	-5.1805e-01	8.7876e-01	0.0000e+00	0.0000e+00
1.8400e+02	1.6000e+02	4.0427e-02	6.8691e-01	0.0000e+00	0.0000e+00
1.9200e+02	1.6000e+02	5.6121e-01	2.0434e-01	1.0000e+00	0.0000e+00
2.0000e+02	1.6000e+02	7.5052e-01	1.0963e-01	1.0000e+00	0.0000e+00
2.0800e+02	1.6000e+02	2.5969e-02	6.6564e-03	0.0000e+00	0.0000e+00
2.1600e+02	1.6000e+02	8.4258e-01	1.7956e-01	1.0000e+00	0.0000e+00
2.2400e+02	1.6000e+02	3.7958e-01	7.1120e-01	0.0000e+00	0.0000e+00
2.3200e+02	1.6000e+02	7.9219e-01	1.6387e+00	0.0000e+00	0.0000e+00
2.4000e+02	1.6000e+02	9.0362e-01	2.2172e-01	1.0000e+00	0.0000e+00
2.4800e+02	1.6000e+02	9.4432e-01	1.8998e-01	1.0000e+00	0.0000e+00
8.0000e+00	1.5200e+02	3.9744e-01	-1.7469e+00	0.0000e+00	0.0000e+00
1.6000e+01	1.5200e+02	7.6286e-01	-1.5075e+00	0.0000e+00	0.0000e+00
2.4000e+01	1.5200e+02	2.0686e+00	2.9107e-01	0.0000e+00	0.0000e+00
3.2000e+01	1.5200e+02	7.5411e-01	4.0515e-01	1.0000e+00	0.0000e+00
4.0000e+01	1.5200e+02	6.2332e-01	6.4427e-01	1.0000e+00	0.0000e+00
4.8000e+01	1.5200e+02	-7.9781e-03	2.4940e+00	0.0000e+00	0.0000e+00
5.6000e+01	1.5200e+02	3.2078e-01	2.1053e-01	1.0000e+00	0.0000e+00
6.4000e+01	1.5200e+02	4.1282e-01	-1.6510e+00	0.0000e+00	0.0000e+00
7.2000e+01	1.5200e+02	-2.4810e-02	-5.2324e-01	1.0000e+00	0.0000e+00
8.0000e+01	1.5200e+02	-5.8328e-02	-7.3840e-01	1.0000e+00	0.0000e+00
8.8000e+01	1.5200e+02	-2.1521e-01	-5.9396e-01	0.0000e+00	0.0000e+00
9.6000e+01	1.5200e+02	-4.1737e-01	-1.0679e+00	0.0000e+00	0.0000e+00
1.0400e+02	1.5200e+02	1.3523e-01	-3.3353e-01	0.0000e+00	0.0000e+00
1.1200e+02	1.5200e+02	1.6820e-01	-2.3480e-01	1.0000e+00	0.0000e+00
1.2000e+02	1.5200e+02	3.5549e-01	1.9641e-01	0.0000e+00	0.0000e+00
1.2800e+02	1.5200e+02	4.1320e-01	9.9939e-02	0.0000e+00	0.0000e+00
1.3600e+02	1.5200e+02	2.2972e-01	-1.0052e-01	0.0000e+00	0.0000e+00
1.4400e+02	1.5200e+02	-1.3326e-02	4.2170e-01	1.0000e+00	0.0000e+00
1.5200e+02	1.5200e+02	-3.7695e-01	9.1349e-02	0.0000e+00	0.0000e+00
1.6000e+02	1.5200e+02	-7.4725e-02	7.9612e-01	1.0000e+00	0.0000e+00
1.6800e+02	1.5200e+02	-1.8921e-01	1.0128e+00	0.0000e+00	0.0000e+00
1.7600e+02	1.5200e+02	5.1492e-01	1.2044e+00	0.0000e+00	0.0000e+00
1.8400e+02	1.5200e+02	9.2381e-01	8.3274e-01	0.0000e+00	0.0000e+00
1.9200e+02	1.5200e+02	7.4613e-01	4.3483e-01	0.0000e+00	0.0000e+00
2.0000e+02	1.5200e+02	5.5151e-01	-1.6532e-03	0.0000e+00	0.0000e+00
2.0800e+02	1.5200e+02	3.3218e-01	-1.2663e-01	0.0000e+00	0.0000e+00
2.1600e+02	1.5200e+02	7.8275e-01	1.0965e-01	1.0000e+00	0.0000e+00
2.2400e+02	1.5200e+02	1.2530e-01	8.7496e-01	0.0000e+00	0.0000e+00
2.3200e+02	1.5200e+02	-1.1099e-01	1.3917e+00	0.0000e+00	0.0000e+00
2.4000e+02	1.5200e+02	4.9498e-01	2.0225e-01	1.0000e+00	0.0000e+00
2.4800e+02	1.5200e+02	5.1922e-01	1.5659e-01	1.0000e+00	0.0000e+00
8.0000e+00	1.4400e+02	1.6349e-01	-1.1601e+00	0.0000e+00	0.0000e+00
1.6000e+01	1.4400e+02	5.5157e-01	-2.7632e-01	1.0000e+00	0.0000e+00
2.4000e+01	1.4400e+02	1.0224e+00	2.7928e-02	0.0000e+00	0.0000e+00
3.2000e+01	1.4400e+02	5.6990e-01	6.1633e-01	0.0000e+00	0.0000e+00
4.0000e+01	1.4400e+02	2.1397e-01	5.4638e-01	1.0000e+00	0.0000e+00
4.8000e+01	1.4400e+02	-9.8630e-01	9.9235e-01	0.0000e+00	0.0000e+00
5.6000e+01	1.4400e+02	-1.3315e+00	-6.9464e-01	0.0000e+00	0.0000e+00
6.4000e+01	1.4400e+02	-7.1146e-01	-8.3059e-01	0.0000e+00	0.0000e+00
7.2000e+01	1.4400e+02	-3.8091e-01	-6.3925e-01	1.0000e+00	0.0000e+00
8.0000e+01	1.4400e+02	-3.6770e-01	-7.5042e-01	1.0000e+00	0.0000e+00
8.8000e+01	1.4400e+02	-3.2791e-01	-1.0618e+00	0.0000e+00	0.0000e+00
9.6000e+01	1.4400e+02	-2.7788e-01	-8.0124e-01	0.0000e+00	0.0000e+00
1.0400e+02	1.4400e+02	-5.6179e-02	-2.1738e-01	0.0000e+00	0.0000e+00
1.1200e+02	1.4400e+02	5.7896e-02	1.6396e-02	0.0000e+00	0.0000e+00
1.2000e+02	1.4400e+02	2.4078e-01	6.0309e-01	0.0000e+00	0.0000e+00
1.2800e+02	1.4400e+02	3.0543e-01	3.2756e-01	0.0000e+00	0.0000e+00
1.3600e+02	1.4400e+02	2.1542e-02	2.6663e-01	1.0000e+00	0.0000e+00
1.4400e+02	1.4400e+02	-3.3826e-01	-3.8388e-01	0.0000e+00	0.0000e+00
1.5200e+02	1.4400e+02	4.1167e-02	7.7992e-01	1.0000e+00	0.0000e+00
1.6000e+02	1.4400e+02	2.8413e-01	1.0696e+00	0.0000e+00	0.0000e+00
1.6800e+02	1.4400e+02	8.4476e-01	1.6111e+00	0.0000e+00	0.0000e+00
1.7600e+02	1.4400e+02	5.8639e-01	1.1382e+00	1.0000e+00	0.0000e+00
1.8400e+02	1.4400e+02	1.3321e+00	9.5657e-01	0.0000e+00	0.0000e+00
1.9200e+02	1.4400e+02	1.4738e+00	4.0423e-01	0.0000e+00	0.0000e+00
2.0000e+02	1.4400e+02	1.7166e+00	-1.8225e-01	0.0000e+00	0.0000e+00
2.0800e+02	1.4400e+02	1.6884e+00	-5.7128e-01	0.0000e+00	0.0000e+00
2.1600e+02	1.4400e+02	7.8786e-01	-1.1273e-01	1.0000e+00	0.0000e+00
2.2400e+02	1.4400e+02	5.5028e-01	-1.2733e-01	1.0000e+00	0.0000e+00
2.3200e+02	1.4400e+02	3.7288e-01	-4.4645e-02	1.0000e+00	0.0000e+00
2.4000e+02	1.4400e+02	2.0725e-01	7.1131e-02	1.0000e+00	0.0000e+00
2.4800e+02	1.4400e+02	1.7020e-01	7.3572e-02	1.0000e+00	0.0000e+00
8.0000e+00	1.3600e+02	2.5780e-01	-4.7558e-01	1.0000e+00	0.0000e+00
1.6000e+01	1.3600e+02	3.2467e-01	-1.7435e-01	0.0000e+00	0.0000e+00
2.4000e+01	1.3600e+02	1.2353e-01	-1.2816e-01	1.0000e+00	0.0000e+00
3.2000e+01	1.3600e+02	-3.2479e-02	3.0865e-01	0.0000e+00	0.0000e+00
4.0000e+01	1.3600e+02	-2.1616e-01	2.3772e-01	1.0000e+00	0.0000e+00
4.8000e+01	1.3600e+02	-4.0097e-01	9.6388e-02	1.0000e+00	0.0000e+00
5.6000e+01	1.3600e+02	-5.3917e-01	-1.0140e-01	1.0000e+00	0.0000e+00
6.4000e+01	1.3600e+02	-6.4837e-01	-6.8309e-01	0.0000e+00	0.0000e+00
7.2000e+01	1.3600e+02	-6.3253e-01	-4.1819e-01	0.0000e+00	0.0000e+00
8.0000e+01	1.3600e+02	-1.3016e+00	-8.2893e-01	0.0000e+00	0.0000e+00
8.8000e+01	1.3600e+02	-1.0235e+00	-1.0031e+00	0.0000e+00	0.0000e+00
9.6000e+01	1.3600e+02	-3.2062e-01	-4.8258e-01	0.0000e+00	0.0000e+00
1.0400e+02	1.3600e+02	-1.3634e-01	-9.2800e-02	0.0000e+00	0.0000e+00
1.1200e+02	1.3600e+02	4.3134e-02	8.7087e-02	0.0000e+00	0.0000e+00
1.2000e+02	1.3600e+02	1.1540e-02	4.2577e-01	0.0000e+00	0.0000e+00
1.2800e+02	1.3600e+02	7.1633e-02	2.1963e-01	0.0000e+00	0.0000e+00
1.3600e+02	1.3600e+02	5.3498e-02	3.5639e-01	1.0000e+00	0.0000e+00
1.4400e+02	1.3600e+02	7.6495e-02	6.4971e-01	1.0000e+00	0.0000e+00
1.5200e+02	1.3600e+02	-2.5772e-01	6.0688e-01	0.0000e+00	0.0000e+00
1.6000e+02	1.3600e+02	5.7602e-01	1.6386e+00	0.0000e+00	0.0000e+00
1.6800e+02	1.3600e+02	9.2067e-01	2.0792e+00	0.0000e+00	0.0000e+00
1.7600e+02	1.3600e+02	7.3726e-01	1.4034e+00	1.0000e+00	0.0000e+00
1.8400e+02	1.3600e+02	1.2038e+00	1.2123e+00	0.0000e+00	0.0000e+00
1.9200e+02	1.3600e+02	1.7032e+00	6.8916e-01	0.0000e+00	0.0000e+00
2.0000e+02	1.3600e+02	2.0366e+00	-6.6213e-03	0.0000e+00	0.0000e+00
2.0800e+02	1.3600e+02	1.8526e+00	-8.4523e-01	0.0000e+00	0.0000e+00
2.1600e+02	1.3600e+02	1.3082e+00	-1.0226e+00	0.0000e+00	0.0000e+00
2.2400e+02	1.3600e+02	1.9139e-01	-1.2240e-01	0.0000e+00	0.0000e+00
2.3200e+02	1.3600e+02	-2.1097e-01	-3.5536e-02	0.0000e+00	0.0000e+00
2.4000e+02	1.3600e+02	-4.5595e-01	-3.2548e-01	0.0000e+00	0.0000e+00
2.4800e+02	1.3600e+02	-5.3408e-01	-8.5190e-01	0.0000e+00	0.0000e+00
8.0000e+00	1.2800e+02	7.7549e-03	-1.4787e-01	0.0000e+00	0.0000e+00
1.6000e+01	1.2800e+02	-1.2501e-01	-1.0059e-01	0.0000e+00	0.0000e+00
2.4000e+01	1.2800e+02	-3.1295e-01	-2.7142e-01	0.0000e+00	0.0000e+00
3.2000e+01	1.2800e+02	-4.9584e-01	-1.3714e-02	0.0000e+00	0.0000e+00
4.0000e+01	1.2800e+02	-8.9311e-01	5.3021e-01	0.0000e+00	0.0000e+00
4.8000e+01	1.2800e+02	-1.1045e+00	2.6446e-01	0.0000e+00	0.0000e+00
5.6000e+01	1.2800e+02	-1.0663e+00	-3.7521e-01	0.0000e+00	0.0000e+00
6.4000e+01	1.2800e+02	-7.4603e-01	-4.2110e-01	1.0000e+00	0.0000e+00
7.2000e+01	1.2800e+02	-1.2459e+00	-8.4097e-01	0.0000e+00	0.0000e+00
8.0000e+01	1.2800e+02	-1.4502e+00	-8.5176e-01	0.0000e+00	0.0000e+00
8.8000e+01	1.2800e+02	-9.7272e-01	-4.4693e-01	0.0000e+00	0.0000e+00
9.6000e+01	1.2800e+02	-5.5622e-01	6.5991e-02	0.0000e+00	0.0000e+00
1.0400e+02	1.2800e+02	5.2187e-02	-8.5756e-02	1.0000e+00	0.0000e+00
1.1200e+02	1.2800e+02	2.5813e-01	1.7958e-01	0.0000e+00	0.0000e+00
1.2000e+02	1.2800e+02	2.0151e-01	-7.1019e-02	1.0000e+00	0.0000e+00
1.2800e+02	1.2800e+02	-1.1080e+00	-9.9741e-01	0.0000e+00	0.0000e+00
1.3600e+02	1.2800e+02	1.3455e-01	3.0834e-01	1.0000e+00	0.0000e+00
1.4400e+02	1.2800e+02	1.2785e-01	7.1168e-01	1.0000e+00	0.0000e+00
1.5200e+02	1.2800e+02	2.2682e-01	1.1443e+00	1.0000e+00	0.0000e+00
1.6000e+02	1.2800e+02	6.0665e-01	2.1916e+00	0.0000e+00	0.0000e+00
1.6800e+02	1.2800e+02	6.8051e-01	2.0459e+00	0.0000e+00	0.0000e+00
1.7600e+02	1.2800e+02	7.0783e-01	1.7743e+00	0.0000e+00	0.0000e+00
1.8400e+02	1.2800e+02	1.0319e+00	1.6048e+00	0.0000e+00	0.0000e+00
1.9200e+02	1.2800e+02	1.7148e+00	1.1903e+00	0.0000e+00	0.0000e+00
2.0000e+02	1.2800e+02	1.8425e+00	2.3801e-01	0.0000e+00	0.0000e+00
2.0800e+02	1.2800e+02	1.4239e+00	-1.6540e+00	0.0000e+00	0.0000e+00
2.1600e+02	1.2800e+02	1.2768e+00	-1.8280e+00	0.0000e+00	0.0000e+00
2.2400e+02	1.2800e+02	3.1320e-01	-7.9837e-01	1.0000e+00	0.0000e+00
2.3200e+02	1.2800e+02	-1.5185e-03	-5.2105e-01	0.0000e+00	0.0000e+00
2.4000e+02	1.2800e+02	-2.9822e-02	-5.3253e-01	1.0000e+00	0.0000e+00
2.4800e+02	1.2800e+02	-2.8496e-01	-7.5635e-01	0.0000e+00	0.0000e+00
8.0000e+00	1.2000e+02	-3.7525e-01	-4.8980e-01	1.0000e+00	0.0000e+00
1.6000e+01	1.2000e+02	-4.2599e-01	-4.8563e-01	0.0000e+00	0.0000e+00
2.4000e+01	1.2000e+02	-5.0141e-01	-2.5291e-01	1.0000e+00	0.0000e+00
3.2000e+01	1.2000e+02	-6.9864e-01	-1.0336e-01	0.0000e+00	0.0000e+00
4.0000e+01	1.2000e+02	-7.9425e-01	1.3332e-01	0.0000e+00	0.0000e+00
4.8000e+01	1.2000e+02	-8.6677e-01	-2.2533e-02	0.0000e+00	0.0000e+00
5.6000e+01	1.2000e+02	-6.3099e-01	-1.9841e-01	1.0000e+00	0.0000e+00
6.4000e+01	1.2000e+02	-5.8776e-01	-3.5380e-01	1.0000e+00	0.0000e+00
7.2000e+01	1.2000e+02	-7.7501e-01	-9.9845e-01	0.0000e+00	0.0000e+00
8.0000e+01	1.2000e+02	-5.9671e-01	-6.8463e-01	0.0000e+00	0.0000e+00
8.8000e+01	1.2000e+02	-4.4251e-01	4.4947e-02	0.0000e+00	0.0000e+00
9.6000e+01	1.2000e+02	-2.9583e-01	4.2187e-01	0.0000e+00	0.0000e+00
1.0400e+02	1.2000e+02	1.6964e-01	-5.6695e-02	1.0000e+00	0.0000e+00
1.1200e+02	1.2000e+02	2.1720e-01	-1.8417e-01	1.0000e+00	0.0000e+00
1.2000e+02	1.2000e+02	2.4935e-01	-3.8491e-01	0.0000e+00	0.0000e+00
1.2800e+02	1.2000e+02	2.3358e-01	-1.9914e-01	1.0000e+00	0.0000e+00
1.3600e+02	1.2000e+02	1.4782e-01	1.2079e-01	1.0000e+00	0.0000e+00
1.4400e+02	1.2000e+02	3.5929e-02	1.3716e+00	0.0000e+00	0.0000e+00
1.5200e+02	1.2000e+02	1.7770e-01	2.3017e+00	0.0000e+00	0.0000e+00
1.6000e+02	1.2000e+02	3.8621e-01	2.4276e+00	0.0000e+00	0.0000e+00
1.6800e+02	1.2000e+02	1.1350e-01	1.8380e+00	0.0000e+00	0.0000e+00
1.7600e+02	1.2000e+02	1.4691e-01	1.7886e+00	0.0000e+00	0.0000e+00
1.8400e+02	1.2000e+02	4.4809e-01	2.1354e+00	0.0000e+00	0.0000e+00
1.9200e+02	1.2000e+02	1.0425e+00	1.5409e+00	0.0000e+00	0.0000e+00
2.0000e+02	1.2000e+02	3.9075e-01	-1.5677e+00	0.0000e+00	0.0000e+00
2.0800e+02	1.2000e+02	2.7342e-01	-4.7273e-01	1.0000e+00	0.0000e+00
2.1600e+02	1.2000e+02	6.2242e-01	-2.2491e+00	0.0000e+00	0.0000e+00
2.2400e+02	1.2000e+02	7.4697e-02	-9.1924e-01	1.0000e+00	0.0000e+00
2.3200e+02	1.2000e+02	5.0019e-02	-8.4005e-01	0.0000e+00	0.0000e+00
2.4000e+02	1.2000e+02	-5.9563e-02	-7.2221e-01	0.0000e+00	0.0000e+00
2.4800e+02	1.2000e+02	-1.0989e-01	-7.4728e-01	0.0000e+00	0.0000e+00
8.0000e+00	1.1200e+02	-2.9860e-01	-6.0145e-01	0.0000e+00	0.0000e+00
1.6000e+01	1.1200e+02	-7.2762e-01	-8.2702e-01	0.0000e+00	0.0000e+00
2.4000e+01	1.1200e+02	-8.6212e-01	-4.7513e-01	0.0000e+00	0.0000e+00
3.2000e+01	1.1200e+02	-9.2870e-01	-1.3309e-01	0.0000e+00	0.0000e+00
4.0000e+01	1.1200e+02	-7.5929e-01	-2.7888e-02	1.0000e+00	0.0000e+00
4.8000e+01	1.1200e+02	-7.6274e-01	6.5873e-02	0.0000e+00	0.0000e+00
5.6000e+01	1.1200e+02	-5.8027e-01	-1.2720e-01	0.0000e+00	0.0000e+00
6.4000e+01	1.1200e+02	-2.9322e-01	-6.9238e-01	0.0000e+00	0.0000e+00
7.2000e+01	1.1200e+02	-1.5431e-01	-7.7854e-01	0.0000e+00	0.0000e+00
8.0000e+01	1.1200e+02	4.3577e-02	-3.5483e-01	0.0000e+00	0.0000e+00
8.8000e+01	1.1200e+02	3.6670e-01	3.3686e-01	0.0000e+00	0.0000e+00
9.6000e+01	1.1200e+02	9.0558e-01	9.5784e-01	0.0000e+00	0.0000e+00
1.0400e+02	1.1200e+02	1.0460e+00	8.5049e-01	0.0000e+00	0.0000e+00
1.1200e+02	1.1200e+02	9.7128e-01	-2.1294e-01	0.0000e+00	0.0000e+00
1.2000e+02	1.1200e+02	8.6440e-01	-1.1056e+00	0.0000e+00	0.0000e+00
1.2800e+02	1.1200e+02	1.4688e-01	-5.0532e-01	1.0000e+00	0.0000e+00
1.3600e+02	1.1200e+02	8.2384e-01	-6.8880e-01	0.0000e+00	0.0000e+00
1.4400e+02	1.1200e+02	8.1514e-01	6.7317e-01	0.0000e+00	0.0000e+00
1.5200e+02	1.1200e+02	-3.4527e-02	1.1462e+00	1.0000e+00	0.0000e+00
1.6000e+02	1.1200e+02	-4.1158e-01	2.2286e+00	0.0000e+00	0.0000e+00
1.6800e+02	1.1200e+02	-3.6573e-01	1.7205e+00	0.0000e+00	0.0000e+00
1.7600e+02	1.1200e+02	-4.1599e-01	1.9196e+00	0.0000e+00	0.0000e+00
1.8400e+02	1.1200e+02	-5.2685e-01	2.2831e+00	0.0000e+00	0.0000e+00
1.9200e+02	1.1200e+02	-8.8666e-01	1.4821e+00	0.0000e+00	0.0000e+00
2.0000e+02	1.1200e+02	-2.2720e+00	5.0946e-01	0.0000e+00	0.0000e+00
2.0800e+02	1.1200e+02	-1.2437e+00	-1.7138e+00	0.0000e+00	0.0000e+00
2.1600e+02	1.1200e+02	-8.2349e-01	-1.6698e+00	0.0000e+00	0.0000e+00
2.2400e+02	1.1200e+02	-1.6333e-01	-1.0185e+00	0.0000e+00	0.0000e+00
2.3200e+02	1.1200e+02	-2.5416e-02	-8.1127e-01	0.0000e+00	0.0000e+00
2.4000e+02	1.1200e+02	3.1603e-02	-7.5733e-01	0.0000e+00	0.0000e+00
2.4800e+02	1.1200e+02	2.1006e-02	-6.0986e-01	0.0000e+00	0.0000e+00
8.0000e+00	1.0400e+02	-6.1210e-01	-9.7917e-01	0.0000e+00	0.0000e+00
1.6000e+01	1.0400e+02	-9.5843e-01	-1.0614e+00	0.0000e+00	0.0000e+00
2.4000e+01	1.0400e+02	-1.0887e+00	-6.6783e-01	0.0000e+00	0.0000e+00
3.2000e+01	1.0400e+02	-1.0482e+00	-1.1544e-01	0.0000e+00	0.0000e+00
4.0000e+01	1.0400e+02	-9.0730e-01	1.8012e-01	0.0000e+00	0.0000e+00
4.8000e+01	1.0400e+02	-6.1090e-01	3.2902e-01	0.0000e+00	0.0000e+00
5.6000e+01	1.0400e+02	-3.9351e-01	2.0177e-01	0.0000e+00	0.0000e+00
6.4000e+01	1.0400e+02	6.9827e-02	-3.6027e-01	0.0000e+00	0.0000e+00
7.2000e+01	1.0400e+02	3.3105e-01	-4.7229e-01	0.0000e+00	0.0000e+00
8.0000e+01	1.0400e+02	6.8293e-01	-8.3203e-02	0.0000e+00	0.0000e+00
8.8000e+01	1.0400e+02	7.2021e-01	6.2237e-01	0.0000e+00	0.0000e+00
9.6000e+01	1.0400e+02	9.9716e-01	9.6260e-01	0.0000e+00	0.0000e+00
1.0400e+02	1.0400e+02	9.0160e-02	-1.8352e-01	1.0000e+00	0.0000e+00
1.1200e+02	1.0400e+02	4.8473e-02	-4.4320e-01	1.0000e+00	0.0000e+00
1.2000e+02	1.0400e+02	7.6390e-01	-1.6515e+00	0.0000e+00	0.0000e+00
1.2800e+02	1.0400e+02	4.2323e-01	-1.7854e+00	0.0000e+00	0.0000e+00
1.3600e+02	1.0400e+02	1.8380e-01	-1.3213e+00	0.0000e+00	0.0000e+00
1.4400e+02	1.0400e+02	-3.1409e-02	-2.3818e-01	0.0000e+00	0.0000e+00
1.5200e+02	1.0400e+02	-8.1339e-01	1.8289e+00	0.0000e+00	0.0000e+00
1.6000e+02	1.0400e+02	-7.5182e-01	2.1840e+00	0.0000e+00	0.0000e+00
1.6800e+02	1.0400e+02	-5.1343e-01	1.7707e+00	1.0000e+00	0.0000e+00
1.7600e+02	1.0400e+02	-7.8338e-01	1.7478e+00	0.0000e+00	0.0000e+00
1.8400e+02	1.0400e+02	-1.3442e+00	2.1035e+00	0.0000e+00	0.0000e+00
1.9200e+02	1.0400e+02	-8.7344e-01	7.3630e-01	1.0000e+00	0.0000e+00
2.0000e+02	1.0400e+02	-8.9640e-01	1.7987e-01	1.0000e+00	0.0000e+00
2.0800e+02	1.0400e+02	-8.3299e-01	-3.3151e-01	1.0000e+00	0.0000e+00
2.1600e+02	1.0400e+02	-9.3336e-01	-1.1606e+00	0.0000e+00	0.0000e+00
2.2400e+02	1.0400e+02	-4.8200e-01	-8.3900e-01	0.0000e+00	0.0000e+00
2.3200e+02	1.0400e+02	-2.8485e-01	-6.3206e-01	0.0000e+00	0.0000e+00
2.4000e+02	1.0400e+02	-9.6557e-02	-6.1456e-01	0.0000e+00	0.0000e+00
2.4800e+02	1.0400e+02	-3.0101e-02	-5.6876e-01	0.0000e+00	0.0000e+00
8.0000e+00	9.6000e+01	-8.4856e-01	-1.3434e+00	0.0000e+00	0.0000e+00
1.6000e+01	9.6000e+01	-1.0448e+00	-1.4619e+00	0.0000e+00	0.0000e+00
2.4000e+01	9.6000e+01	-1.2571e+00	-7.4624e-01	0.0000e+00	0.0000e+00
3.2000e+01	9.6000e+01	-8.9169e-01	-1.5552e-02	0.0000e+00	0.0000e+00
4.0000e+01	9.6000e+01	-7.5768e-01	2.3847e-01	1.0000e+00	0.0000e+00
4.8000e+01	9.6000e+01	-5.6598e-01	3.5446e-01	1.0000e+00	0.0000e+00
5.6000e+01	9.6000e+01	-2.3920e-02	5.4553e-01	0.0000e+00	0.0000e+00
6.4000e+01	9.6000e+01	1.9631e-01	4.9275e-02	0.0000e+00	0.0000e+00
7.2000e+01	9.6000e+01	3.8054e-01	-9.9596e-02	0.0000e+00	0.0000e+00
8.0000e+01	9.6000e+01	5.0592e-01	6.2021e-02	0.0000e+00	0.0000e+00
8.8000e+01	9.6000e+01	2.1292e-01	1.4249e-01	1.0000e+00	0.0000e+00
9.6000e+01	9.6000e+01	4.6488e-01	8.1771e-01	0.0000e+00	0.0000e+00
1.0400e+02	9.6000e+01	3.1534e-01	1.0656e+00	0.0000e+00	0.0000e+00
1.1200e+02	9.6000e+01	-8.1993e-01	-1.9543e+00	0.0000e+00	0.0000e+00
1.2000e+02	9.6000e+01	-5.4371e-01	-2.1025e+00	0.0000e+00	0.0000e+00
1.2800e+02	9.6000e+01	-9.1237e-02	-8.3448e-01	1.0000e+00	0.0000e+00
1.3600e+02	9.6000e+01	-2.4453e-02	-3.8993e-01	1.0000e+00	0.0000e+00
1.4400e+02	9.6000e+01	-5.0550e-01	-3.9599e-01	0.0000e+00	0.0000e+00
1.5200e+02	9.6000e+01	-5.3248e-01	1.5269e+00	0.0000e+00	0.0000e+00
1.6000e+02	9.6000e+01	-7.4135e-01	2.1546e+00	0.0000e+00	0.0000e+00
1.6800e+02	9.6000e+01	-6.3384e-01	1.5513e+00	1.0000e+00	0.0000e+00
1.7600e+02	9.6000e+01	-9.6480e-01	1.2926e+00	0.0000e+00	0.0000e+00
1.8400e+02	9.6000e+01	-1.7276e+00	1.7093e+00	0.0000e+00	0.0000e+00
1.9200e+02	9.6000e+01	-1.1926e+00	6.5908e-01	1.0000e+00	0.0000e+00
2.0000e+02	9.6000e+01	-1.2475e+00	2.1857e-01	1.0000e+00	0.0000e+00
2.0800e+02	9.6000e+01	-1.1938e+00	-1.8611e-01	1.0000e+00	0.0000e+00
2.1600e+02	9.6000e+01	-1.3048e+00	-6.3309e-01	0.0000e+00	0.0000e+00
2.2400e+02	9.6000e+01	-9.4445e-01	-5.3648e-01	0.0000e+00	0.0000e+00
2.3200e+02	9.6000e+01	-7.3122e-01	-4.3011e-01	0.0000e+00	0.0000e+00
2.4000e+02	9.6000e+01	-5.4364e-01	-3.7869e-01	0.0000e+00	0.0000e+00
2.4800e+02	9.6000e+01	-3.4943e-01	-6.3877e-01	0.0000e+00	0.0000e+00
8.0000e+00	8.8000e+01	-6.4672e-01	-1.7552e+00	0.0000e+00	0.0000e+00
1.6000e+01	8.8000e+01	-9.5448e-01	-1.9300e+00	0.0000e+00	0.0000e+00
2.4000e+01	8.8000e+01	-7.3092e-01	-4.8899e-01	1.0000e+00	0.0000e+00
3.2000e+01	8.8000e+01	-7.4295e-01	-5.6688e-03	1.0000e+00	0.0000e+00
4.0000e+01	8.8000e+01	-6.0279e-01	7.0529e-01	0.0000e+00	0.0000e+00
4.8000e+01	8.8000e+01	-4.7235e-01	6.8418e-01	1.0000e+00	0.0000e+00
5.6000e+01	8.8000e+01	-1.7667e-01	5.8126e-01	1.0000e+00	0.0000e+00
6.4000e+01	8.8000e+01	1.3780e-01	3.7209e-01	0.0000e+00	0.0000e+00
7.2000e+01	8.8000e+01	3.5097e-01	-4.5536e-03	0.0000e+00	0.0000e+00
8.0000e+01	8.8000e+01	3.4421e-01	-3.4748e-02	0.0000e+00	0.0000e+00
8.8000e+01	8.8000e+01	1.0623e-01	2.7751e-02	1.0000e+00	0.0000e+00
9.6000e+01	8.8000e+01	-1.1325e-01	5.1832e-01	0.0000e+00	0.0000e+00
1.0400e+02	8.8000e+01	-1.2114e+00	-2.5176e-01	0.0000e+00	0.0000e+00
1.1200e+02	8.8000e+01	-1.4825e+00	-1.2049e+00	0.0000e+00	0.0000e+00
1.2000e+02	8.8000e+01	-1.3535e+00	-1.6963e+00	0.0000e+00	0.0000e+00
1.2800e+02	8.8000e+01	-8.5608e-01	-1.5101e+00	0.0000e+00	0.0000e+00
1.3600e+02	8.8000e+01	-9.5000e-02	-3.5433e-01	1.0000e+00	0.0000e+00
1.4400e+02	8.8000e+01	2.6965e-02	8.1870e-02	0.0000e+00	0.0000e+00
1.5200e+02	8.8000e+01	1.7624e-02	1.0964e+00	0.0000e+00	0.0000e+00
1.6000e+02	8.8000e+01	-6.5058e-01	1.7975e+00	0.0000e+00	0.0000e+00
1.6800e+02	8.8000e+01	-4.9739e-01	1.3016e+00	1.0000e+00	0.0000e+00
1.7600e+02	8.8000e+01	-9.2777e-01	1.1109e+00	0.0000e+00	0.0000e+00
1.8400e+02	8.8000e+01	-1.2521e+00	9.3032e-01	0.0000e+00	0.0000e+00
1.9200e+02	8.8000e+01	-1.7431e+00	5.7858e-01	0.0000e+00	0.0000e+00
2.0000e+02	8.8000e+01	-1.8954e+00	-7.1366e-02	0.0000e+00	0.0000e+00
2.0800e+02	8.8000e+01	-1.8320e+00	-2.8133e-01	0.0000e+00	0.0000e+00
2.1600e+02	8.8000e+01	-1.0601e+00	-2.4219e-01	1.0000e+00	0.0000e+00
2.2400e+02	8.8000e+01	-1.3263e+00	-2.5990e-01	0.0000e+00	0.0000e+00
2.3200e+02	8.8000e+01	-1.0026e+00	-2.8164e-01	0.0000e+00	0.0000e+00
2.4000e+02	8.8000e+01	-8.6847e-01	-1.8194e-01	0.0000e+00	0.0000e+00
2.4800e+02	8.8000e+01	-6.7233e-01	-3.8281e-01	0.0000e+00	0.0000e+00
8.0000e+00	8.0000e+01	-2.3900e-01	-2.1752e+00	0.0000e+00	0.0000e+00
1.6000e+01	8.0000e+01	-5.0671e-01	-2.5643e+00	0.0000e+00	0.0000e+00
2.4000e+01	8.0000e+01	-3.4922e-01	-5.7017e-01	1.0000e+00	0.0000e+00
3.2000e+01	8.0000e+01	-1.6640e+00	1.5287e+00	0.0000e+00	0.0000e+00
4.0000e+01	8.0000e+01	-1.4902e+00	1.8079e+00	0.0000e+00	0.0000e+00
4.8000e+01	8.0000e+01	-6.6783e-01	9.4759e-01	0.0000e+00	0.0000e+00
5.6000e+01	8.0000e+01	-1.8900e-01	1.0341e+00	0.0000e+00	0.0000e+00
6.4000e+01	8.0000e+01	1.3024e-01	4.8895e-01	1.0000e+00	0.0000e+00
7.2000e+01	8.0000e+01	2.1268e-01	2.1500e-01	1.0000e+00	0.0000e+00
8.0000e+01	8.0000e+01	4.2695e-01	-1.8550e-01	0.0000e+00	0.0000e+00
8.8000e+01	8.0000e+01	9.8693e-03	-1.3873e-01	1.0000e+00	0.0000e+00
9.6000e+01	8.0000e+01	-5.2437e-01	2.6006e-02	0.0000e+00	0.0000e+00
1.0400e+02	8.0000e+01	-1.2242e+00	-3.4287e-01	0.0000e+00	0.0000e+00
1.1200e+02	8.0000e+01	-1.2889e+00	-8.0515e-01	0.0000e+00	0.0000e+00
1.2000e+02	8.0000e+01	-5.3688e-01	-6.4012e-01	1.0000e+00	0.0000e+00
1.2800e+02	8.0000e+01	-3.9207e-01	-8.7997e-01	0.0000e+00	0.0000e+00
1.3600e+02	8.0000e+01	2.3789e-01	-5.7006e-01	0.0000e+00	0.0000e+00
1.4400e+02	8.0000e+01	5.8109e-01	1.7534e-01	0.0000e+00	0.0000e+00
1.5200e+02	8.0000e+01	3.2953e-01	6.8940e-01	1.0000e+00	0.0000e+00
1.6000e+02	8.0000e+01	2.2595e-01	9.5722e-01	0.0000e+00	0.0000e+00
1.6800e+02	8.0000e+01	-8.9579e-01	1.8155e+00	0.0000e+00	0.0000e+00
1.7600e+02	8.0000e+01	-7.5660e-01	1.0120e+00	0.0000e+00	0.0000e+00
1.8400e+02	8.0000e+01	-7.4278e-01	5.5106e-01	1.0000e+00	0.0000e+00
1.9200e+02	8.0000e+01	-1.2176e+00	1.6427e-01	0.0000e+00	0.0000e+00
2.0000e+02	8.0000e+01	-1.3468e+00	-2.2805e-02	0.0000e+00	0.0000e+00
2.0800e+02	8.0000e+01	-1.4497e+00	-1.9561e-01	0.0000e+00	0.0000e+00
2.1600e+02	8.0000e+01	-1.0710e+00	-9.5263e-02	1.0000e+00	0.0000e+00
2.2400e+02	8.0000e+01	-1.3182e+00	4.2881e-02	0.0000e+00	0.0000e+00
2.3200e+02	8.0000e+01	-7.4684e-01	-3.0658e-02	1.0000e+00	0.0000e+00
2.4000e+02	8.0000e+01	-6.5978e-01	5.4278e-03	1.0000e+00	0.0000e+00
2.4800e+02	8.0000e+01	-5.3138e-01	-5.5159e-04	1.0000e+00	0.0000e+00
8.0000e+00	7.2000e+01	2.3627e-01	-1.9126e+00	0.0000e+00	0.0000e+00
1.6000e+01	7.2000e+01	2.6307e-01	-1.1068e+00	1.0000e+00	0.0000e+00
2.4000e+01	7.2000e+01	1.7605e-01	-6.4616e-01	1.0000e+00	0.0000e+00
3.2000e+01	7.2000e+01	-1.0314e+00	1.0703e+00	0.0000e+00	0.0000e+00
4.0000e+01	7.2000e+01	-3.2558e-01	2.0154e+00	0.0000e+00	0.0000e+00
4.8000e+01	7.2000e+01	-6.2169e-02	1.5252e+00	0.0000e+00	0.0000e+00
5.6000e+01	7.2000e+01	1.5999e-01	1.4057e+00	0.0000e+00	0.0000e+00
6.4000e+01	7.2000e+01	2.5570e-01	1.2986e+00	0.0000e+00	0.0000e+00
7.2000e+01	7.2000e+01	5.3982e-01	4.4956e-01	0.0000e+00	0.0000e+00
8.0000e+01	7.2000e+01	3.2993e-01	-4.2867e-01	0.0000e+00	0.0000e+00
8.8000e+01	7.2000e+01	2.6251e-02	-6.7809e-01	0.0000e+00	0.0000e+00
9.6000e+01	7.2000e+01	-3.9036e-01	-6.8112e-01	0.0000e+00	0.0000e+00
1.0400e+02	7.2000e+01	-9.6534e-01	-5.1836e-01	0.0000e+00	0.0000e+00
1.1200e+02	7.2000e+01	-6.4125e-01	-6.0849e-01	1.0000e+00	0.0000e+00
1.2000e+02	7.2000e+01	-5.6912e-01	-4.9415e-01	1.0000e+00	0.0000e+00
1.2800e+02	7.2000e+01	-2.5553e-01	-2.6246e-01	1.0000e+00	0.0000e+00
1.3600e+02	7.2000e+01	2.7744e-01	9.2432e-02	0.0000e+00	0.0000e+00
1.4400e+02	7.2000e+01	4.9819e-01	4.3920e-01	1.0000e+00	0.0000e+00
1.5200e+02	7.2000e+01	6.9601e-01	6.6550e-01	1.0000e+00	0.0000e+00
1.6000e+02	7.2000e+01	6.0410e-01	7.4597e-01	1.0000e+00	0.0000e+00
1.6800e+02	7.2000e+01	7.9769e-01	6.4955e-01	0.0000e+00	0.0000e+00
1.7600e+02	7.2000e+01	-2.7936e-01	8.7068e-01	0.0000e+00	0.0000e+00
1.8400e+02	7.2000e+01	-4.9992e-01	1.9653e-01	0.0000e+00	0.0000e+00
1.9200e+02	7.2000e+01	-6.7036e-01	-1.4357e-01	0.0000e+00	0.0000e+00
2.0000e+02	7.2000e+01	-8.7619e-01	-3.0404e-01	0.0000e+00	0.0000e+00
2.0800e+02	7.2000e+01	-1.0597e+00	-3.3220e-01	0.0000e+00	0.0000e+00
2.1600e+02	7.2000e+01	-1.0028e+00	3.0743e-02	1.0000e+00	0.0000e+00
2.2400e+02	7.2000e+01	-8.8599e-01	1.3328e-01	1.0000e+00	0.0000e+00
2.3200e+02	7.2000e+01	-4.8805e-01	5.1654e-01	0.0000e+00	0.0000e+00
2.4000e+02	7.2000e+01	-1.1844e-01	1.5233e-01	0.0000e+00	0.0000e+00
2.4800e+02	7.2000e+01	-5.2506e-01	2.6514e-01	1.0000e+00	0.0000e+00
8.0000e+00	6.4000e+01	5.1736e-01	-1.1727e+00	0.0000e+00	0.0000e+00
1.6000e+01	6.4000e+01	1.2693e+00	-2.2240e+00	0.0000e+00	0.0000e+00
2.4000e+01	6.4000e+01	2.2183e+00	-1.7214e+00	0.0000e+00	0.0000e+00
3.2000e+01	6.4000e+01	5.0861e-01	-1.7074e-01	1.0000e+00	0.0000e+00
4.0000e+01	6.4000e+01	3.0344e-01	4.4654e-01	1.0000e+00	0.0000e+00
4.8000e+01	6.4000e+01	3.4881e-01	1.5203e+00	0.0000e+00	0.0000e+00
5.6000e+01	6.4000e+01	1.0156e-01	1.0128e+00	1.0000e+00	0.0000e+00
6.4000e+01	6.4000e+01	1.6696e-01	6.9692e-01	1.0000e+00	0.0000e+00
7.2000e+01	6.4000e+01	1.8470e-01	3.1534e-01	1.0000e+00	0.0000e+00
8.0000e+01	6.4000e+01	5.5092e-01	-8.6912e-01	0.0000e+00	0.0000e+00
8.8000e+01	6.4000e+01	2.5418e-01	-1.1080e+00	0.0000e+00	0.0000e+00
9.6000e+01	6.4000e+01	-1.1179e-01	-9.9925e-01	0.0000e+00	0.0000e+00
1.0400e+02	6.4000e+01	-4.1567e-01	-7.3646e-01	1.0000e+00	0.0000e+00
1.1200e+02	6.4000e+01	-5.2542e-01	-5.9943e-01	1.0000e+00	0.0000e+00
1.2000e+02	6.4000e+01	-6.9628e-01	-4.7823e-01	0.0000e+00	0.0000e+00
1.2800e+02	6.4000e+01	-2.9483e-01	-1.4174e-02	0.0000e+00	0.0000e+00
1.3600e+02	6.4000e+01	3.9413e-01	5.6516e-01	0.0000e+00	0.0000e+00
1.4400e+02	6.4000e+01	3.7768e-01	6.0719e-01	1.0000e+00	0.0000e+00
1.5200e+02	6.4000e+01	2.9455e+00	1.3488e+00	0.0000e+00	0.0000e+00
1.6000e+02	6.4000e+01	2.8245e+00	3.8542e-01	0.0000e+00	0.0000e+00
1.6800e+02	6.4000e+01	1.6412e+00	1.6142e-01	0.0000e+00	0.0000e+00
1.7600e+02	6.4000e+01	-6.5620e-02	7.6263e-02	1.0000e+00	0.0000e+00
1.8400e+02	6.4000e+01	-1.7693e-01	-1.1549e-01	0.0000e+00	0.0000e+00
1.9200e+02	6.4000e+01	-4.2120e-01	-2.1930e-01	0.0000e+00	0.0000e+00
2.0000e+02	6.4000e+01	-5.9293e-01	-4.9980e-01	0.0000e+00	0.0000e+00
2.0800e+02	6.4000e+01	-9.2970e-01	-4.4577e-01	0.0000e+00	0.0000e+00
2.1600e+02	6.4000e+01	-7.3968e-01	1.5304e-01	1.0000e+00	0.0000e+00
2.2400e+02	6.4000e+01	-7.1285e-01	7.0836e-01	0.0000e+00	0.0000e+00
2.3200e+02	6.4000e+01	-5.6291e-01	8.5972e-01	0.0000e+00	0.0000e+00
2.4000e+02	6.4000e+01	-2.5367e-01	5.7749e-01	0.0000e+00	0.0000e+00
2.4800e+02	6.4000e+01	-4.6825e-03	-1.1777e-02	0.0000e+00	0.0000e+00
8.0000e+00	5.6000e+01	1.2516e+00	-1.6972e+00	1.0000e+00	0.0000e+00
1.6000e+01	5.6000e+01	1.8720e+00	-1.7075e+00	0.0000e+00	0.0000e+00
2.4000e+01	5.6000e+01	1.8978e+00	-1.7531e+00	0.0000e+00	0.0000e+00
3.2000e+01	5.6000e+01	1.8401e+00	-7.5764e-01	0.0000e+00	0.0000e+00
4.0000e+01	5.6000e+01	1.2175e+00	9.0796e-01	0.0000e+00	0.0000e+00
4.8000e+01	5.6000e+01	4.8267e-01	9.9109e-01	0.0000e+00	0.0000e+00
5.6000e+01	5.6000e+01	5.5728e-02	1.5371e+00	0.0000e+00	0.0000e+00
6.4000e+01	5.6000e+01	2.7934e-02	1.7648e+00	0.0000e+00	0.0000e+00
7.2000e+01	5.6000e+01	1.7562e-01	6.8609e-01	0.0000e+00	0.0000e+00
8.0000e+01	5.6000e+01	3.5994e-01	-7.7836e-01	0.0000e+00	0.0000e+00
8.8000e+01	5.6000e+01	1.1545e-01	-7.0372e-01	1.0000e+00	0.0000e+00
9.6000e+01	5.6000e+01	8.1550e-02	-1.1558e+00	0.0000e+00	0.0000e+00
1.0400e+02	5.6000e+01	-2.1343e-01	-1.0123e+00	0.0000e+00	0.0000e+00
1.1200e+02	5.6000e+01	-7.4601e-01	-7.7125e-01	0.0000e+00	0.0000e+00
1.2000e+02	5.6000e+01	-4.7884e-01	-2.6773e-01	1.0000e+00	0.0000e+00
1.2800e+02	5.6000e+01	-5.0655e-01	5.7565e-01	0.0000e+00	0.0000e+00
1.3600e+02	5.6000e+01	-7.6219e-02	7.1255e-01	1.0000e+00	0.0000e+00
1.4400e+02	5.6000e+01	2.0500e+00	1.5730e+00	0.0000e+00	0.0000e+00
1.5200e+02	5.6000e+01	2.5838e+00	1.3917e+00	0.0000e+00	0.0000e+00
1.6000e+02	5.6000e+01	2.4917e-01	4.7545e-01	1.0000e+00	0.0000e+00
1.6800e+02	5.6000e+01	1.7428e+00	-5.1012e-01	0.0000e+00	0.0000e+00
1.7600e+02	5.6000e+01	4.5435e-01	-4.9552e-01	0.0000e+00	0.0000e+00
1.8400e+02	5.6000e+01	-9.5564e-02	-4.3088e-01	0.0000e+00	0.0000e+00
1.9200e+02	5.6000e+01	-4.0461e-01	-3.4796e-01	1.0000e+00	0.0000e+00
2.0000e+02	5.6000e+01	-4.6078e-01	-2.2830e-01	1.0000e+00	0.0000e+00
2.0800e+02	5.6000e+01	-1.0699e+00	-9.5123e-01	0.0000e+00	0.0000e+00
2.1600e+02	5.6000e+01	-4.1831e-01	2.5785e-01	1.0000e+00	0.0000e+00
2.2400e+02	5.6000e+01	-1.1876e+00	1.3855e+00	0.0000e+00	0.0000e+00
2.3200e+02	5.6000e+01	-5.8833e-01	1.2785e+00	0.0000e+00	0.0000e+00
2.4000e+02	5.6000e+01	-3.9364e-01	6.7300e-01	1.0000e+00	0.0000e+00
2.4800e+02	5.6000e+01	-4.3317e-01	6.1957e-01	1.0000e+00	0.0000e+00
8.0000e+00	4.8000e+01	1.2659e+00	-1.5790e+00	1.0000e+00	0.0000e+00
1.6000e+01	4.8000e+01	2.1894e+00	-1.1320e+00	0.0000e+00	0.0000e+00
2.4000e+01	4.8000e+01	1.8047e+00	-1.9290e+00	0.0000e+00	0.0000e+00
3.2000e+01	4.8000e+01	1.5288e+00	-1.1634e+00	0.0000e+00	0.0000e+00
4.0000e+01	4.8000e+01	5.9424e-01	-2.1225e-01	0.0000e+00	0.0000e+00
4.8000e+01	4.8000e+01	1.2157e-01	8.3418e-01	0.0000e+00	0.0000e+00
5.6000e+01	4.8000e+01	-2.1719e-02	1.3244e+00	0.0000e+00	0.0000e+00
6.4000e+01	4.8000e+01	-1.4651e-01	1.5731e+00	0.0000e+00	0.0000e+00
7.2000e+01	4.8000e+01	2.4637e-01	3.6414e-01	1.0000e+00	0.0000e+00
8.0000e+01	4.8000e+01	3.0414e-01	-5.7060e-01	0.0000e+00	0.0000e+00
8.8000e+01	4.8000e+01	2.2618e-01	-7.7903e-01	1.0000e+00	0.0000e+00
9.6000e+01	4.8000e+01	4.8950e-02	-1.2041e+00	1.0000e+00	0.0000e+00
1.0400e+02	4.8000e+01	-3.3471e-02	-1.7939e+00	0.0000e+00	0.0000e+00
1.1200e+02	4.8000e+01	-6.7222e-01	-1.0877e+00	0.0000e+00	0.0000e+00
1.2000e+02	4.8000e+01	-8.7022e-01	-1.1787e-01	0.0000e+00	0.0000e+00
1.2800e+02	4.8000e+01	-5.4447e-01	4.0183e-01	1.0000e+00	0.0000e+00
1.3600e+02	4.8000e+01	-3.7468e-01	9.4060e-01	1.0000e+00	0.0000e+00
1.4400e+02	4.8000e+01	-6.9390e-01	2.4537e+00	0.0000e+00	0.0000e+00
1.5200e+02	4.8000e+01	-1.2900e+00	1.7931e+00	0.0000e+00	0.0000e+00
1.6000e+02	4.8000e+01	-1.6831e+00	-4.4423e-01	0.0000e+00	0.0000e+00
1.6800e+02	4.8000e+01	-1.4936e+00	-1.2871e+00	0.0000e+00	0.0000e+00
1.7600e+02	4.8000e+01	-2.7548e-01	-1.1207e+00	0.0000e+00	0.0000e+00
1.8400e+02	4.8000e+01	-3.3618e-01	-3.7549e-01	1.0000e+00	0.0000e+00
1.9200e+02	4.8000e+01	-4.0733e-01	-3.9084e-01	1.0000e+00	0.0000e+00
2.0000e+02	4.8000e+01	-3.2142e-01	-1.5388e-01	1.0000e+00	0.0000e+00
2.0800e+02	4.8000e+01	-1.7162e-01	1.3424e-01	1.0000e+00	0.0000e+00
2.1600e+02	4.8000e+01	-1.0645e-01	4.0869e-01	1.0000e+00	0.0000e+00
2.2400e+02	4.8000e+01	-1.0097e-01	5.6445e-01	1.0000e+00	0.0000e+00
2.3200e+02	4.8000e+01	-1.4656e-01	7.1751e-01	1.0000e+00	0.0000e+00
2.4000e+02	4.8000e+01	-5.6917e-01	7.5245e-01	0.0000e+00	0.0000e+00
2.4800e+02	4.8000e+01	-5.8197e-01	4.0958e-01	0.0000e+00	0.0000e+00
8.0000e+00	4.0000e+01	1.0346e+00	-1.6515e+00	1.0000e+00	0.0000e+00
1.6000e+01	4.0000e+01	1.0206e+00	-1.6536e+00	1.0000e+00	0.0000e+00
2.4000e+01	4.0000e+01	9.5857e-01	-3.1756e+00	0.0000e+00	0.0000e+00
3.2000e+01	4.0000e+01	7.3401e-01	-9.9866e-01	1.0000e+00	0.0000e+00
4.0000e+01	4.0000e+01	-6.6581e-01	-9.2484e-01	0.0000e+00	0.0000e+00
4.8000e+01	4.0000e+01	-7.5006e-01	7.1434e-01	0.0000e+00	0.0000e+00
5.6000e+01	4.0000e+01	-3.6776e-01	1.4469e+00	0.0000e+00	0.0000e+00
6.4000e+01	4.0000e+01	-1.4689e-02	1.2273e+00	0.0000e+00	0.0000e+00
7.2000e+01	4.0000e+01	3.6716e-01	5.2475e-01	1.0000e+00	0.0000e+00
8.0000e+01	4.0000e+01	2.4456e-01	-1.5124e-01	0.0000e+00	0.0000e+00
8.8000e+01	4.0000e+01	5.4563e-01	-1.3649e+00	0.0000e+00	0.0000e+00
9.6000e+01	4.0000e+01	3.9698e-01	-2.1202e+00	0.0000e+00	0.0000e+00
1.0400e+02	4.0000e+01	3.8340e-02	-2.3688e+00	0.0000e+00	0.0000e+00
1.1200e+02	4.0000e+01	-5.8413e-01	-1.8724e+00	0.0000e+00	0.0000e+00
1.2000e+02	4.0000e+01	-1.1491e+00	2.9940e-01	0.0000e+00	0.0000e+00
1.2800e+02	4.0000e+01	-1.1844e+00	1.7093e+00	0.0000e+00	0.0000e+00
1.3600e+02	4.0000e+01	-6.3724e-01	9.9386e-01	1.0000e+00	0.0000e+00
1.4400e+02	4.0000e+01	-1.6660e+00	1.9446e+00	0.0000e+00	0.0000e+00
1.5200e+02	4.0000e+01	-7.0217e-01	7.8410e-01	1.0000e+00	0.0000e+00
1.6000e+02	4.0000e+01	-2.1360e+00	5.1268e-04	0.0000e+00	0.0000e+00
1.6800e+02	4.0000e+01	-7.3773e-01	-1.0406e-02	1.0000e+00	0.0000e+00
1.7600e+02	4.0000e+01	-7.5908e-01	-6.7331e-01	0.0000e+00	0.0000e+00
1.8400e+02	4.0000e+01	-5.0263e-01	-7.5213e-01	0.0000e+00	0.0000e+00
1.9200e+02	4.0000e+01	-5.1274e-01	-3.2856e-01	1.0000e+00	0.0000e+00
2.0000e+02	4.0000e+01	-3.1848e-01	1.6731e-02	1.0000e+00	0.0000e+00
2.0800e+02	4.0000e+01	4.9634e-01	-1.2401e+00	0.0000e+00	0.0000e+00
2.1600e+02	4.0000e+01	9.6072e-02	6.3201e-01	1.0000e+00	0.0000e+00
2.2400e+02	4.0000e+01	1.5377e+00	1.3534e+00	0.0000e+00	0.0000e+00
2.3200e+02	4.0000e+01	5.3633e-02	8.2302e-01	1.0000e+00	0.0000e+00
2.4000e+02	4.0000e+01	-8.3052e-01	2.7147e-01	0.0000e+00	0.0000e+00
2.4800e+02	4.0000e+01	-1.1646e+00	8.1247e-01	0.0000e+00	0.0000e+00
8.0000e+00	3.2000e+01	6.8542e-01	-1.6100e+00	1.0000e+00	0.0000e+00
1.6000e+01	3.2000e+01	-3.3678e-01	1.0148e+00	0.0000e+00	0.0000e+00
2.4000e+01	3.2000e+01	6.5649e-01	-1.5341e+00	1.0000e+00	0.0000e+00
3.2000e+01	3.2000e+01	3.1081e-01	-2.6102e+00	0.0000e+00	0.0000e+00
4.0000e+01	3.2000e+01	-6.9727e-01	-1.3219e+00	0.0000e+00	0.0000e+00
4.8000e+01	3.2000e+01	5.1362e-01	1.2318e-01	1.0000e+00	0.0000e+00
5.6000e+01	3.2000e+01	4.8193e-01	7.3236e-01	1.0000e+00	0.0000e+00
6.4000e+01	3.2000e+01	6.2077e-01	1.3628e+00	0.0000e+00	0.0000e+00
7.2000e+01	3.2000e+01	5.1428e-01	1.1881e+00	0.0000e+00	0.0000e+00
8.0000e+01	3.2000e+01	5.8195e-01	2.6717e-01	0.0000e+00	0.0000e+00
8.8000e+01	3.2000e+01	4.6742e-01	-8.5033e-01	1.0000e+00	0.0000e+00
9.6000e+01	3.2000e+01	6.3472e-01	-2.3148e+00	0.0000e+00	0.0000e+00
1.0400e+02	3.2000e+01	9.8789e-02	-1.6445e+00	1.0000e+00	0.0000e+00
1.1200e+02	3.2000e+01	-3.9831e-01	-2.7247e+00	0.0000e+00	0.0000e+00
1.2000e+02	3.2000e+01	-9.7859e-01	6.2400e-01	0.0000e+00	0.0000e+00
1.2800e+02	3.2000e+01	-1.1552e+00	1.6926e+00	0.0000e+00	0.0000e+00
1.3600e+02	3.2000e+01	-8.6344e-01	9.8514e-01	1.0000e+00	0.0000e+00
1.4400e+02	3.2000e+01	-1.2821e+00	1.5378e+00	0.0000e+00	0.0000e+00
1.5200e+02	3.2000e+01	-2.1799e+00	1.0495e+00	0.0000e+00	0.0000e+00
1.6000e+02	3.2000e+01	-1.7182e+00	2.7984e-01	0.0000e+00	0.0000e+00
1.6800e+02	3.2000e+01	-1.1799e+00	-3.7765e-02	0.0000e+00	0.0000e+00
1.7600e+02	3.2000e+01	-1.1316e+00	-2.5726e-01	1.0000e+00	0.0000e+00
1.8400e+02	3.2000e+01	-1.0159e+00	-3.2381e-01	0.0000e+00	0.0000e+00
1.9200e+02	3.2000e+01	-6.2816e-01	-3.0851e-01	0.0000e+00	0.0000e+00
2.0000e+02	3.2000e+01	-3.0528e-01	-1.4906e-01	0.0000e+00	0.0000e+00
2.0800e+02	3.2000e+01	-2.6658e-01	3.0155e-01	0.0000e+00	0.0000e+00
2.1600e+02	3.2000e+01	1.5211e+00	1.8243e+00	0.0000e+00	0.0000e+00
2.2400e+02	3.2000e+01	2.1654e+00	1.1256e+00	0.0000e+00	0.0000e+00
2.3200e+02	3.2000e+01	1.9065e-01	4.9803e-01	1.0000e+00	0.0000e+00
2.4000e+02	3.2000e+01	1.2949e-01	2.4432e-01	1.0000e+00	0.0000e+00
2.4800e+02	3.2000e+01	-1.2380e-01	6.8044e-02	1.0000e+00	0.0000e+00
8.0000e+00	2.4000e+01	2.6453e-01	-1.6250e+00	1.0000e+00	0.0000e+00
1.6000e+01	2.4000e+01	3.3193e-01	-1.7114e+00	1.0000e+00	0.0000e+00
2.4000e+01	2.4000e+01	3.1885e-01	-2.7662e+00	0.0000e+00	0.0000e+00
3.2000e+01	2.4000e+01	4.5210e-01	-2.7687e+00	0.0000e+00	0.0000e+00
4.0000e+01	2.4000e+01	1.3340e+00	-1.2417e+00	0.0000e+00	0.0000e+00
4.8000e+01	2.4000e+01	6.4150e-01	1.3708e-01	1.0000e+00	0.0000e+00
5.6000e+01	2.4000e+01	6.3715e-01	1.9258e+00	0.0000e+00	0.0000e+00
6.4000e+01	2.4000e+01	5.8848e-01	1.0228e+00	1.0000e+00	0.0000e+00
7.2000e+01	2.4000e+01	1.3288e+00	1.6028e+00	0.0000e+00	0.0000e+00
8.0000e+01	2.4000e+01	1.3171e+00	4.5290e-01	0.0000e+00	0.0000e+00
8.8000e+01	2.4000e+01	3.9210e-01	-8.2924e-01	1.0000e+00	0.0000e+00
9.6000e+01	2.4000e+01	1.0433e+00	-2.7900e+00	0.0000e+00	0.0000e+00
1.0400e+02	2.4000e+01	7.4470e-01	-3.3771e+00	0.0000e+00	0.0000e+00
1.1200e+02	2.4000e+01	2.9414e-01	-3.1731e+00	0.0000e+00	0.0000e+00
1.2000e+02	2.4000e+01	7.3757e-02	-2.1403e+00	0.0000e+00	0.0000e+00
1.2800e+02	2.4000e+01	-8.4544e-01	1.6533e+00	0.0000e+00	0.0000e+00
1.3600e+02	2.4000e+01	-9.1951e-01	1.7337e+00	0.0000e+00	0.0000e+00
1.4400e+02	2.4000e+01	-9.7253e-01	1.3117e+00	0.0000e+00	0.0000e+00
1.5200e+02	2.4000e+01	-1.0679e+00	8.2156e-01	0.0000e+00	0.0000e+00
1.6000e+02	2.4000e+01	-1.2188e+00	3.8707e-01	1.0000e+00	0.0000e+00
1.6800e+02	2.4000e+01	-1.1533e+00	1.4523e-02	0.0000e+00	0.0000e+00
1.7600e+02	2.4000e+01	-1.2620e+00	-1.5637e-01	1.0000e+00	0.0000e+00
1.8400e+02	2.4000e+01	-1.4029e+00	-2.8945e-01	0.0000e+00	0.0000e+00
1.9200e+02	2.4000e+01	-9.7365e-01	-3.4022e-02	0.0000e+00	0.0000e+00
2.0000e+02	2.4000e+01	-6.4079e-01	2.1250e-01	0.0000e+00	0.0000e+00
2.0800e+02	2.4000e+01	-4.6938e-01	6.9080e-01	0.0000e+00	0.0000e+00
2.1600e+02	2.4000e+01	5.0216e-01	2.5621e+00	0.0000e+00	0.0000e+00
2.2400e+02	2.4000e+01	1.4766e+00	2.1067e+00	0.0000e+00	0.0000e+00
2.3200e+02	2.4000e+01	3.2264e-01	4.1484e-01	1.0000e+00	0.0000e+00
2.4000e+02	2.4000e+01	2.7983e-01	4.3489e-02	1.0000e+00	0.0000e+00
2.4800e+02	2.4000e+01	6.9174e-02	-2.1923e-01	1.0000e+00	0.0000e+00
8.0000e+00	1.6000e+01	4.9910e-02	-1.4883e+00	1.0000e+00	0.0000e+00
1.6000e+01	1.6000e+01	1.0256e-02	-9.6749e-01	0.0000e+00	0.0000e+00
2.4000e+01	1.6000e+01	9.0858e-02	-2.3793e+00	0.0000e+00	0.0000e+00
3.2000e+01	1.6000e+01	6.6904e-01	-2.3070e+00	0.0000e+00	0.0000e+00
4.0000e+01	1.6000e+01	1.8433e+00	-6.5152e-01	0.0000e+00	0.0000e+00
4.8000e+01	1.6000e+01	1.9051e+00	9.7371e-01	0.0000e+00	0.0000e+00
5.6000e+01	1.6000e+01	1.5534e+00	1.6691e+00	0.0000e+00	0.0000e+00
6.4000e+01	1.6000e+01	1.0052e+00	2.1825e+00	0.0000e+00	0.0000e+00
7.2000e+01	1.6000e+01	5.4660e-01	8.9629e-01	1.0000e+00	0.0000e+00
8.0000e+01	1.6000e+01	4.8364e-01	3.8429e-02	1.0000e+00	0.0000e+00
8.8000e+01	1.6000e+01	4.1072e-01	-7.7598e-01	1.0000e+00	0.0000e+00
9.6000e+01	1.6000e+01	4.0152e-01	-1.6850e+00	1.0000e+00	0.0000e+00
1.0400e+02	1.6000e+01	3.6194e-01	-1.9779e+00	1.0000e+00	0.0000e+00
1.1200e+02	1.6000e+01	7.2645e-01	-3.3384e+00	0.0000e+00	0.0000e+00
1.2000e+02	1.6000e+01	9.0067e-02	-8.0692e-01	1.0000e+00	0.0000e+00
1.2800e+02	1.6000e+01	-8.1495e-03	1.8732e+00	0.0000e+00	0.0000e+00
1.3600e+02	1.6000e+01	-4.9670e-01	7.5466e-01	1.0000e+00	0.0000e+00
1.4400e+02	1.6000e+01	-5.8399e-01	1.2053e+00	0.0000e+00	0.0000e+00
1.5200e+02	1.6000e+01	-1.0636e+00	6.7918e-01	1.0000e+00	0.0000e+00
1.6000e+02	1.6000e+01	-1.2025e+00	2.6188e-01	0.0000e+00	0.0000e+00
1.6800e+02	1.6000e+01	-1.3743e+00	5.8530e-02	1.0000e+00	0.0000e+00
1.7600e+02	1.6000e+01	-1.3461e+00	-1.0286e-01	1.0000e+00	0.0000e+00
1.8400e+02	1.6000e+01	-1.8483e+00	-2.7837e-01	0.0000e+00	0.0000e+00
1.9200e+02	1.6000e+01	-1.8266e+00	1.1583e-01	0.0000e+00	0.0000e+00
2.0000e+02	1.6000e+01	-1.3438e+00	9.3810e-01	0.0000e+00	0.0000e+00
2.0800e+02	1.6000e+01	-7.6630e-01	1.5179e+00	0.0000e+00	0.0000e+00
2.1600e+02	1.6000e+01	-5.2700e-02	1.9431e+00	0.0000e+00	0.0000e+00
2.2400e+02	1.6000e+01	-6.4358e-01	-1.2771e+00	0.0000e+00	0.0000e+00
2.3200e+02	1.6000e+01	-2.1524e-01	-2.5432e+00	0.0000e+00	0.0000e+00
2.4000e+02	1.6000e+01	3.6542e-01	-1.7685e-01	1.0000e+00	0.0000e+00
2.4800e+02	1.6000e+01	2.3545e-01	-4.6953e-01	1.0000e+00	0.0000e+00
8.0000e+00	8.0000e+00	-4.8227e-02	-1.7468e+00	1.0000e+00	0.0000e+00
1.6000e+01	8.0000e+00	-4.5238e-01	-1.0416e+00	0.0000e+00	0.0000e+00
2.4000e+01	8.0000e+00	-4.0297e-01	-1.9558e+00	0.0000e+00	0.0000e+00
3.2000e+01	8.0000e+00	4.7700e-01	-1.1682e+00	0.0000e+00	0.0000e+00
4.0000e+01	8.0000e+00	1.1223e+00	2.1378e-01	0.0000e+00	0.0000e+00
4.8000e+01	8.0000e+00	1.5774e+00	1.2932e+00	0.0000e+00	0.0000e+00
5.6000e+01	8.0000e+00	1.0340e+00	9.4582e-01	1.0000e+00	0.0000e+00
6.4000e+01	8.0000e+00	8.3576e-01	1.1907e+00	1.0000e+00	0.0000e+00
7.2000e+01	8.0000e+00	-5.7103e-01	1.3448e+00	0.0000e+00	0.0000e+00
8.0000e+01	8.0000e+00	-4.4398e-01	1.4575e+00	0.0000e+00	0.0000e+00
8.8000e+01	8.0000e+00	-1.1044e+00	1.1151e+00	0.0000e+00	0.0000e+00
9.6000e+01	8.0000e+00	5.0992e-01	-4.8683e+00	0.0000e+00	0.0000e+00
1.0400e+02	8.0000e+00	4.9356e-01	-2.1508e+00	1.0000e+00	0.0000e+00
1.1200e+02	8.0000e+00	9.6018e-01	-3.4847e+00	0.0000e+00	0.0000e+00
1.2000e+02	8.0000e+00	1.8477e+00	-1.2178e+00	0.0000e+00	0.0000e+00
1.2800e+02	8.0000e+00	1.9152e+00	6.8013e-01	0.0000e+00	0.0000e+00
1.3600e+02	8.0000e+00	-2.2344e-01	6.0303e-01	1.0000e+00	0.0000e+00
1.4400e+02	8.0000e+00	-3.7358e-01	9.3748e-01	0.0000e+00	0.0000e+00
1.5200e+02	8.0000e+00	-9.2829e-01	6.4070e-01	1.0000e+00	0.0000e+00
1.6000e+02	8.0000e+00	-9.3177e-01	-1.0864e-01	0.0000e+00	0.0000e+00
1.6800e+02	8.0000e+00	-1.3437e+00	3.3844e-02	1.0000e+00	0.0000e+00
1.7600e+02	8.0000e+00	-1.6988e+00	-8.2793e-01	0.0000e+00	0.0000e+00
1.8400e+02	8.0000e+00	-2.0234e+00	-6.0532e-01	0.0000e+00	0.0000e+00
1.9200e+02	8.0000e+00	-1.2930e+00	3.1456e-01	1.0000e+00	0.0000e+00
2.0000e+02	8.0000e+00	-1.6353e+00	1.0830e+00	0.0000e+00	0.0000e+00
2.0800e+02	8.0000e+00	-8.1177e-01	2.1903e+00	0.0000e+00	0.0000e+00
2.1600e+02	8.0000e+00	2.5480e-01	2.3640e+00	0.0000e+00	0.0000e+00
2.2400e+02	8.0000e+00	1.4620e-01	6.9939e-01	1.0000e+00	0.0000e+00
2.3200e+02	8.0000e+00	3.1102e-01	1.2404e-01	1.0000e+00	0.0000e+00
2.4000e+02	8.0000e+00	9.5409e-01	-1.0586e+00	0.0000e+00	0.0000e+00
2.4800e+02	8.0000e+00	3.4500e-01	-7.4310e-01	1.0000e+00	0.0000e+00
